1.0,0.095652,0.201923,0.12844,0.170455,0.12,0.229358,0.214953,0.11828,0.178218,0.166667,0.169492,0.195876,0.221053,0.522727,0.137255,0.233645,0.108911,0.29,0.184466,0.2,0.158416,0.252525,0.142857,0.262626,0.158416,0.138614,0.238095,0.202128,0.201681,0.175824,0.142857,0.229167,0.158879,0.746667,0.260417,0.203883,0.150442,0.168067,0.113636,0.14876,0.111111,0.175258,0.195652,0.278846,0.223301,0.159574,0.206186,0.126316,0.106195,0.194175,0.268817,0.287234,0.247191,0.176991,0.192982,0.231481,0.257426,0.107438,0.196262,0.145631,0.208333,0.210526,0.153846,0.11,0.245455,0.163636,0.1
0.095652,1.0,0.110092,0.565789,0.125,0.227273,0.101695,0.145455,0.075269,0.210526,0.090909,0.098361,0.108911,0.098039,0.092437,0.108911,0.113043,0.090909,0.086957,0.102804,0.088889,0.141414,0.090909,0.115385,0.110092,0.13,0.09901,0.166667,0.135417,0.094488,0.072917,0.126214,0.14,0.100917,0.104348,0.135922,0.111111,0.135135,0.097561,0.05618,0.125,0.09434,0.1,0.092784,0.131579,0.109091,0.141304,0.086538,0.095745,0.080357,0.101852,0.151515,0.083333,0.07,0.162162,0.1,0.112069,0.118182,0.092437,0.137615,0.085714,0.076923,0.107438,0.104762,0.103093,0.136752,0.097345,0.706667
0.201923,0.110092,1.0,0.102804,0.195122,0.138298,0.697368,0.262626,0.076087,0.14,0.407895,0.33,0.15625,0.206522,0.131579,0.09901,0.411111,0.163043,0.203883,0.444444,0.154762,0.166667,0.45122,0.095238,0.142857,0.087379,0.195652,0.168224,0.2,0.243243,0.146067,0.15,0.164948,0.433735,0.17757,0.195876,0.239583,0.201923,0.44086,0.081395,0.12605,0.173469,0.123711,0.09375,0.196262,0.186275,0.106383,0.142857,0.172414,0.188119,0.156863,0.13,0.221053,0.152174,0.219048,0.259615,0.219048,0.232323,0.102564,0.171429,0.177083,0.14433,0.254717,0.127451,0.12766,0.483146,0.12844,0.104348
0.12844,0.565789,0.102804,1.0,0.129412,0.25,0.104348,0.149533,0.077778,0.217391,0.071429,0.10084,0.10101,0.10101,0.104348,0.112245,0.116071,0.105263,0.12963,0.084906,0.117647,0.157895,0.083333,0.107843,0.092593,0.111111,0.090909,0.171429,0.152174,0.105691,0.075269,0.153061,0.121212,0.093458,0.127273,0.106796,0.114286,0.138889,0.109244,0.070588,0.147826,0.107843,0.114583,0.107527,0.135135,0.101852,0.159091,0.1,0.086957,0.092593,0.084112,0.132653,0.106796,0.094737,0.166667,0.102564,0.095652,0.111111,0.104348,0.152381,0.09901,0.10101,0.110169,0.118812,0.11828,0.130435,0.12037,0.5625
0.170455,0.125,0.195122,0.129412,1.0,0.103896,0.202247,0.107527,0.115942,0.121951,0.164384,0.180851,0.155844,0.141026,0.103093,0.072289,0.09375,0.103896,0.120879,0.117647,0.102941,0.084337,0.114943,0.056818,0.088889,0.125,0.142857,0.095745,0.116883,0.16,0.126761,0.081395,0.151899,0.065934,0.168539,0.119048,0.141176,0.05102,0.191489,0.092308,0.076923,0.068966,0.12987,0.106667,0.070707,0.11236,0.108108,0.125,0.09589,0.101124,0.142857,0.22973,0.175,0.135135,0.12766,0.135417,0.115789,0.149425,0.04902,0.097826,0.151899,0.098765,0.09901,0.094118,0.063291,0.122449,0.063158,0.09375
0.12,0.227273,0.138298,0.25,0.103896,1.0,0.126214,0.166667,0.075,0.402778,0.093023,0.090909,0.076923,0.113636,0.115385,0.113636,0.106796,0.105882,0.121212,0.142857,0.12,0.178571,0.104167,0.133333,0.126316,0.11236,0.102273,0.204301,0.130952,0.126126,0.098765,0.2,0.086957,0.115789,0.107843,0.157303,0.092784,0.166667,0.152381,0.052632,0.186275,0.108696,0.103448,0.108434,0.138614,0.102041,0.151899,0.087912,0.072289,0.114583,0.082474,0.111111,0.107527,0.094118,0.173469,0.092593,0.15,0.135417,0.104762,0.182796,0.111111,0.152941,0.142857,0.146067,0.081395,0.144231,0.134021,0.252747
0.229358,0.101695,0.697368,0.104348,0.202247,0.126214,1.0,0.288462,0.08,0.12844,0.318182,0.302752,0.188119,0.188119,0.169492,0.121495,0.333333,0.16,0.220183,0.3125,0.164835,0.152381,0.319588,0.107143,0.162162,0.110092,0.226804,0.175439,0.193878,0.324324,0.121212,0.158879,0.173077,0.292929,0.205357,0.190476,0.242718,0.207207,0.537634,0.085106,0.134921,0.169811,0.113208,0.151515,0.191304,0.226415,0.141414,0.174757,0.09901,0.162162,0.144144,0.173077,0.22549,0.161616,0.191304,0.272727,0.191304,0.224299,0.104,0.168142,0.196078,0.111111,0.279279,0.137615,0.127451,0.39604,0.147826,0.105691
0.214953,0.145455,0.262626,0.149533,0.107527,0.166667,0.288462,1.0,0.072165,0.166667,0.166667,0.15,0.16,0.126214,0.175439,0.183673,0.222222,0.108911,0.205607,0.173077,0.133333,0.147059,0.203883,0.111111,0.168224,0.147059,0.15,0.171171,0.215054,0.191667,0.150538,0.153846,0.168317,0.215686,0.201835,0.174757,0.203883,0.192661,0.188034,0.088889,0.130081,0.176471,0.14,0.134021,0.198198,0.211538,0.159574,0.21875,0.114583,0.106195,0.108108,0.168317,0.163462,0.14433,0.166667,0.162393,0.209091,0.257426,0.155172,0.174312,0.156863,0.115385,0.366337,0.121495,0.11,0.304762,0.185185,0.157895
0.11828,0.075269,0.076087,0.077778,0.115942,0.075,0.08,0.072165,1.0,0.107143,0.075,0.131313,0.139241,0.111111,0.125,0.111111,0.070707,0.146667,0.095745,0.078652,0.134328,0.070588,0.053763,0.13253,0.1,0.151899,0.085366,0.083333,0.115385,0.083333,0.08,0.093023,0.164557,0.113636,0.129032,0.091954,0.101124,0.11828,0.086538,0.107692,0.066038,0.13253,0.113924,0.090909,0.080808,0.086957,0.092105,0.151899,0.08,0.151163,0.141176,0.15,0.104651,0.197183,0.114583,0.111111,0.080808,0.074468,0.090909,0.146067,0.135802,0.125,0.108911,0.105882,0.089744,0.132653,0.096774,0.070707
0.178218,0.210526,0.14,0.217391,0.121951,0.402778,0.12844,0.166667,0.107143,1.0,0.097826,0.104348,0.105263,0.141304,0.12844,0.141304,0.141509,0.10989,0.156863,0.15625,0.123457,0.164835,0.153061,0.123711,0.14,0.152174,0.094737,0.19,0.159091,0.189189,0.129412,0.159574,0.150538,0.141414,0.176471,0.122449,0.153061,0.144231,0.113043,0.060976,0.174312,0.112245,0.131868,0.125,0.161905,0.161616,0.152941,0.104167,0.103448,0.14,0.131313,0.163043,0.122449,0.136364,0.150943,0.096491,0.184466,0.16,0.108108,0.21875,0.126316,0.179775,0.133929,0.172043,0.111111,0.155963,0.158416,0.186275
0.166667,0.090909,0.407895,0.071429,0.164384,0.093023,0.318182,0.166667,0.075,0.097826,1.0,0.276596,0.139535,0.195122,0.137255,0.113636,0.310345,0.13253,0.168421,0.333333,0.090909,0.125,0.277108,0.108696,0.138298,0.151163,0.127907,0.142857,0.117647,0.22549,0.141026,0.146067,0.162791,0.292683,0.153061,0.157303,0.191011,0.098039,0.287234,0.09589,0.110092,0.159091,0.156627,0.121951,0.173469,0.148936,0.096386,0.125,0.155844,0.091837,0.129032,0.162791,0.170455,0.107143,0.161616,0.282609,0.138614,0.238636,0.09434,0.111111,0.136364,0.139535,0.142857,0.133333,0.120482,0.226804,0.111111,0.085714
0.169492,0.098361,0.33,0.10084,0.180851,0.090909,0.302752,0.15,0.131313,0.104348,0.276596,1.0,0.158879,0.203883,0.11811,0.117117,0.166667,0.188119,0.161017,0.226415,0.1,0.136364,0.178571,0.153153,0.127119,0.096491,0.138889,0.131148,0.130841,0.237705,0.127451,0.103448,0.155963,0.168142,0.158333,0.183486,0.178571,0.140496,0.300885,0.104167,0.148438,0.163636,0.207921,0.12381,0.128,0.145299,0.073394,0.168224,0.161616,0.156522,0.13913,0.155963,0.151786,0.122642,0.194915,0.263158,0.175,0.19469,0.092308,0.152542,0.2,0.117117,0.149606,0.103448,0.122642,0.178862,0.123967,0.102362
0.195876,0.108911,0.15625,0.10101,0.155844,0.076923,0.188119,0.16,0.139241,0.105263,0.139535,0.158879,1.0,0.146067,0.212121,0.146067,0.18,0.152941,0.185567,0.113402,0.128205,0.144444,0.111111,0.12766,0.180851,0.197674,0.174419,0.148515,0.1,0.183486,0.094118,0.115789,0.223529,0.1,0.181818,0.175824,0.222222,0.115385,0.201923,0.090909,0.126126,0.115789,0.098901,0.185185,0.133333,0.4,0.091954,0.211765,0.134146,0.15625,0.267442,0.195402,0.202247,0.127907,0.122642,0.184466,0.133333,0.164948,0.100917,0.106796,0.181818,0.096774,0.215686,0.115789,0.102273,0.205882,0.106796,0.102804
0.221053,0.098039,0.206522,0.10101,0.141026,0.113636,0.188119,0.126214,0.111111,0.141304,0.195122,0.203883,0.146067,1.0,0.188119,0.120879,0.145631,0.25641,0.223404,0.136842,0.157895,0.170455,0.170213,0.115789,0.180851,0.131868,0.122222,0.16,0.11236,0.172727,0.1625,0.115789,0.181818,0.145833,0.181818,0.202247,0.170213,0.115385,0.157407,0.105263,0.157407,0.12766,0.098901,0.185185,0.178218,0.12,0.091954,0.157303,0.107143,0.132653,0.184783,0.11828,0.27381,0.114943,0.20202,0.150943,0.239583,0.269663,0.071429,0.128713,0.142857,0.172414,0.137615,0.12766,0.114943,0.12844,0.128713,0.082569
0.522727,0.092437,0.131579,0.104348,0.103093,0.115385,0.169492,0.175439,0.125,0.12844,0.137255,0.11811,0.212121,0.188119,1.0,0.132075,0.152542,0.115385,0.198198,0.115044,0.115789,0.09009,0.122807,0.148148,0.172727,0.152381,0.122642,0.135593,0.158416,0.166667,0.14433,0.117117,0.207921,0.113043,0.377551,0.237624,0.163636,0.135593,0.144,0.108696,0.108527,0.127273,0.145631,0.163265,0.212389,0.171171,0.13,0.186275,0.09901,0.112069,0.23301,0.232323,0.25,0.161616,0.191304,0.166667,0.17094,0.190909,0.095238,0.118644,0.150943,0.176471,0.163934,0.137615,0.138614,0.165289,0.128205,0.105691
0.137255,0.108911,0.09901,0.112245,0.072289,0.113636,0.121495,0.183673,0.111111,0.141304,0.113636,0.117117,0.146067,0.120879,0.132075,1.0,0.145631,0.101124,0.210526,0.113402,0.113924,0.144444,0.122449,0.12766,0.233333,0.131868,0.134831,0.115385,0.1,0.131579,0.134146,0.152174,0.168539,0.111111,0.147059,0.103093,0.134021,0.126214,0.157407,0.063291,0.136364,0.104167,0.123596,0.230769,0.144231,0.166667,0.130952,0.131868,0.107143,0.168421,0.10101,0.168539,0.126316,0.114943,0.144231,0.140187,0.122642,0.141414,0.188119,0.14,0.155556,0.108696,0.215686,0.139785,0.102273,0.138889,0.106796,0.102804
0.233645,0.113043,0.411111,0.116071,0.09375,0.106796,0.333333,0.222222,0.070707,0.141509,0.310345,0.166667,0.18,0.145631,0.152542,0.145631,1.0,0.117647,0.212963,0.305263,0.155556,0.144231,0.340426,0.099099,0.221154,0.133333,0.114286,0.211009,0.161616,0.218487,0.123711,0.184466,0.165049,0.41573,0.198198,0.160377,0.155963,0.137931,0.215517,0.06383,0.155738,0.150943,0.137255,0.108911,0.238532,0.242718,0.132653,0.144231,0.184783,0.133929,0.157407,0.176471,0.160377,0.141414,0.163793,0.232143,0.205357,0.240385,0.133333,0.160714,0.121495,0.145631,0.238938,0.173077,0.153061,0.39,0.171171,0.116667
0.108911,0.090909,0.163043,0.105263,0.103896,0.105882,0.16,0.108911,0.146667,0.10989,0.13253,0.188119,0.152941,0.25641,0.115385,0.101124,0.117647,1.0,0.14433,0.130435,0.135135,0.137931,0.115789,0.133333,0.126316,0.125,0.141176,0.087379,0.117647,0.136364,0.126582,0.085106,0.123596,0.12766,0.118812,0.107527,0.177778,0.131313,0.163462,0.111111,0.12037,0.146067,0.116279,0.15,0.095238,0.102041,0.109756,0.137931,0.126582,0.215909,0.105263,0.098901,0.183908,0.107143,0.138614,0.156863,0.138614,0.112245,0.074074,0.1,0.149425,0.152941,0.100917,0.096774,0.134146,0.133333,0.170213,0.096154
0.29,0.086957,0.203883,0.12963,0.120879,0.121212,0.220183,0.205607,0.095745,0.156863,0.168421,0.161017,0.185567,0.223404,0.198198,0.210526,0.212963,0.14433,1.0,0.141509,0.174419,0.195876,0.242424,0.144231,0.305263,0.148515,0.163265,0.172727,0.191489,0.20339,0.139785,0.144231,0.21875,0.160377,0.3,0.153846,0.242424,0.183486,0.159664,0.114943,0.210526,0.122642,0.13,0.224719,0.2,0.201923,0.136842,0.171717,0.139785,0.117117,0.140187,0.17,0.22449,0.157895,0.168142,0.184211,0.2,0.26,0.108333,0.209524,0.158416,0.138614,0.223214,0.133333,0.111111,0.182609,0.175926,0.091667
0.184466,0.102804,0.444444,0.084906,0.117647,0.142857,0.3125,0.173077,0.078652,0.15625,0.333333,0.226415,0.113402,0.136842,0.115044,0.113402,0.305263,0.130435,0.141509,1.0,0.146341,0.197802,0.333333,0.108911,0.17,0.112245,0.215909,0.184466,0.129032,0.19469,0.178571,0.178947,0.122449,0.333333,0.171429,0.153061,0.247312,0.119266,0.31,0.058824,0.119658,0.166667,0.12766,0.096774,0.28866,0.168317,0.097826,0.112245,0.178571,0.158416,0.138614,0.122449,0.177083,0.157303,0.201923,0.219048,0.27551,0.15534,0.17757,0.111111,0.170213,0.173913,0.130435,0.154639,0.107527,0.277228,0.153846,0.097345
0.2,0.088889,0.154762,0.117647,0.102941,0.12,0.164835,0.133333,0.134328,0.123457,0.090909,0.1,0.128205,0.157895,0.115789,0.113924,0.155556,0.135135,0.174419,0.146341,1.0,0.186667,0.156627,0.121951,0.2125,0.155844,0.16,0.2,0.118421,0.095238,0.128571,0.164557,0.168831,0.156627,0.197674,0.107143,0.142857,0.146067,0.14433,0.111111,0.168421,0.15,0.075,0.138889,0.166667,0.139535,0.208955,0.171053,0.082192,0.141176,0.117647,0.125,0.207792,0.121622,0.117021,0.090909,0.193182,0.125,0.081633,0.136364,0.184211,0.113924,0.145833,0.108434,0.106667,0.147368,0.204819,0.106383
0.158416,0.141414,0.166667,0.157895,0.084337,0.178571,0.152381,0.147059,0.070588,0.164835,0.125,0.136364,0.144444,0.170455,0.09009,0.144444,0.144231,0.137931,0.195876,0.197802,0.186667,1.0,0.15625,0.126316,0.154639,0.106383,0.159091,0.193878,0.176471,0.12069,0.08046,0.126316,0.141304,0.121212,0.156863,0.113402,0.168421,0.17,0.145455,0.089744,0.211538,0.07,0.074468,0.168675,0.165049,0.107843,0.129412,0.11828,0.068182,0.131313,0.067961,0.117021,0.148936,0.126437,0.111111,0.069565,0.2,0.117647,0.09009,0.15,0.09375,0.119565,0.106195,0.103093,0.101124,0.127273,0.15,0.133333
0.252525,0.090909,0.45122,0.083333,0.114943,0.104167,0.319588,0.203883,0.053763,0.153061,0.277108,0.178571,0.111111,0.170213,0.122807,0.122449,0.340426,0.115789,0.242424,0.333333,0.156627,0.15625,1.0,0.075472,0.19,0.088235,0.172043,0.180952,0.138298,0.343137,0.147727,0.151515,0.166667,0.356322,0.22549,0.15,0.242105,0.117117,0.1875,0.057471,0.127119,0.117647,0.148936,0.130435,0.245098,0.142857,0.119565,0.088235,0.16092,0.133333,0.125,0.098039,0.173469,0.141304,0.154545,0.140351,0.257426,0.19802,0.113043,0.161905,0.131313,0.122449,0.168142,0.128713,0.082474,0.323232,0.150943,0.076923
0.142857,0.115385,0.095238,0.107843,0.056818,0.133333,0.107143,0.111111,0.13253,0.123711,0.108696,0.153153,0.12766,0.115789,0.148148,0.12766,0.099099,0.133333,0.144231,0.108911,0.121951,0.126316,0.075472,1.0,0.15,0.138298,0.129032,0.2,0.05102,0.117647,0.102273,0.122449,0.148936,0.117647,0.141509,0.121212,0.163265,0.6,0.131579,0.060241,0.357895,0.134021,0.142857,0.149425,0.138889,0.148515,0.1,0.175824,0.089888,0.084906,0.097087,0.16129,0.168421,0.086022,0.12844,0.211538,0.078947,0.083333,0.068966,0.12381,0.16129,0.06,0.094017,0.089109,0.097826,0.154545,0.18,0.12963
0.262626,0.110092,0.142857,0.092593,0.088889,0.126316,0.162162,0.168224,0.1,0.14,0.138298,0.127119,0.180851,0.180851,0.172727,0.233333,0.221154,0.126316,0.305263,0.17,0.2125,0.154639,0.19,0.15,1.0,0.191489,0.134021,0.237624,0.136842,0.140496,0.159091,0.185567,0.141414,0.15534,0.26,0.183673,0.166667,0.179245,0.155172,0.094118,0.165217,0.127451,0.159574,0.179775,0.196262,0.222222,0.142857,0.204301,0.096774,0.121495,0.168317,0.177083,0.183673,0.12766,0.153153,0.212963,0.196262,0.196078,0.131579,0.160377,0.13,0.180851,0.209091,0.15,0.12766,0.178571,0.242424,0.114035
0.158416,0.13,0.087379,0.111111,0.125,0.11236,0.110092,0.147059,0.151899,0.152174,0.151163,0.096491,0.197674,0.131868,0.152381,0.131868,0.133333,0.125,0.148515,0.112245,0.155844,0.106383,0.088235,0.138298,0.191489,1.0,0.108696,0.125,0.136364,0.171171,0.093023,0.138298,0.235294,0.09901,0.156863,0.125,0.180851,0.135922,0.125,0.103896,0.115044,0.126316,0.174419,0.141176,0.121495,0.141414,0.315068,0.209302,0.093023,0.098039,0.111111,0.22093,0.136842,0.101124,0.142857,0.160377,0.111111,0.096154,0.1,0.161616,0.179775,0.211765,0.126126,0.126316,0.113636,0.127273,0.138614,0.122642
0.138614,0.09901,0.195652,0.090909,0.142857,0.102273,0.226804,0.15,0.085366,0.094737,0.127907,0.138889,0.174419,0.122222,0.122642,0.134831,0.114286,0.141176,0.163265,0.215909,0.16,0.159091,0.172043,0.129032,0.134021,0.108696,1.0,0.116505,0.076923,0.153153,0.108434,0.141304,0.170455,0.10101,0.137255,0.092784,0.379747,0.138614,0.227723,0.121622,0.137615,0.117021,0.087912,0.202532,0.168317,0.132653,0.105882,0.159091,0.082353,0.170213,0.08,0.144444,0.191011,0.090909,0.134615,0.12037,0.156863,0.108911,0.11215,0.086538,0.22619,0.074468,0.12844,0.129032,0.078652,0.150943,0.141414,0.093458
0.238095,0.166667,0.168224,0.171429,0.095745,0.204301,0.175439,0.171171,0.083333,0.19,0.142857,0.131148,0.148515,0.16,0.135593,0.115385,0.211009,0.087379,0.172727,0.184466,0.2,0.193878,0.180952,0.2,0.237624,0.125,0.116505,1.0,0.107843,0.181818,0.114583,0.176471,0.134615,0.158879,0.235849,0.174757,0.148148,0.226415,0.168067,0.065217,0.208696,0.111111,0.128713,0.122449,0.209091,0.2,0.172043,0.206186,0.091837,0.086957,0.118182,0.18,0.222222,0.121212,0.176991,0.182609,0.166667,0.175926,0.089431,0.142857,0.113208,0.115385,0.169492,0.100917,0.088235,0.223214,0.219048,0.211009
0.202128,0.135417,0.2,0.152174,0.116883,0.130952,0.193878,0.215054,0.115385,0.159091,0.117647,0.130841,0.1,0.11236,0.158416,0.1,0.161616,0.117647,0.191489,0.129032,0.118421,0.176471,0.138298,0.05102,0.136842,0.136364,0.076923,0.107843,1.0,0.125,0.111111,0.157303,0.174419,0.126316,0.1875,0.130435,0.126316,0.164948,0.119266,0.265625,0.109091,0.095745,0.102273,0.094118,0.137255,0.112245,0.15,0.111111,0.111111,0.113402,0.092784,0.134831,0.142857,0.146341,0.115385,0.091743,0.126214,0.134021,0.093458,0.275862,0.086022,0.178571,0.174757,0.119565,0.175,0.188119,0.121212,0.127451
0.201681,0.094488,0.243243,0.105691,0.16,0.126126,0.324324,0.191667,0.083333,0.189189,0.22549,0.237705,0.183486,0.172727,0.166667,0.131579,0.218487,0.136364,0.20339,0.19469,0.095238,0.12069,0.343137,0.117647,0.140496,0.171171,0.153153,0.181818,0.125,1.0,0.121495,0.166667,0.201835,0.161017,0.190083,0.185841,0.17094,0.1,0.420561,0.09901,0.117647,0.127119,0.144144,0.194175,0.216667,0.177966,0.140187,0.130435,0.142857,0.112903,0.142857,0.169643,0.196429,0.087719,0.168,0.201613,0.177419,0.157025,0.130769,0.146341,0.159292,0.131579,0.161538,0.117647,0.117117,0.209677,0.119048,0.124031
0.175824,0.072917,0.146067,0.075269,0.126761,0.098765,0.121212,0.150538,0.08,0.129412,0.141026,0.127451,0.094118,0.1625,0.14433,0.134146,0.123711,0.126582,0.139785,0.178571,0.128571,0.08046,0.147727,0.102273,0.159091,0.093023,0.108434,0.114583,0.111111,0.121495,1.0,0.114943,0.117647,0.122222,0.16129,0.180723,0.134831,0.091837,0.126214,0.136364,0.084112,0.114943,0.166667,0.0875,0.145833,0.107527,0.061728,0.160494,0.150685,0.120879,0.176471,0.130952,0.126437,0.1,0.134021,0.118812,0.157895,0.168539,0.121212,0.117021,0.130952,0.1625,0.127451,0.114943,0.157895,0.117647,0.129032,0.068627
0.142857,0.126214,0.15,0.153061,0.081395,0.2,0.158879,0.153846,0.093023,0.159574,0.146067,0.103448,0.115789,0.115789,0.117117,0.152174,0.184466,0.085106,0.144231,0.178947,0.164557,0.126316,0.151515,0.122449,0.185567,0.138298,0.141304,0.176471,0.157303,0.166667,0.114943,1.0,0.136842,0.14,0.130841,0.14433,0.14,0.142857,0.183486,0.08642,0.141593,0.122449,0.11828,0.136364,0.182692,0.171717,0.192771,0.114583,0.089888,0.127451,0.086538,0.136842,0.132653,0.097826,0.118182,0.145455,0.138889,0.114286,0.137615,0.145631,0.173913,0.104167,0.153153,0.341463,0.134831,0.165138,0.145631,0.161905
0.229167,0.14,0.164948,0.121212,0.151899,0.086957,0.173077,0.168317,0.164557,0.150538,0.162791,0.155963,0.223529,0.181818,0.207921,0.168539,0.165049,0.123596,0.21875,0.122449,0.168831,0.141304,0.166667,0.148936,0.141414,0.235294,0.170455,0.134615,0.174419,0.201835,0.117647,0.136842,1.0,0.154639,0.214286,0.159574,0.204301,0.145631,0.165138,0.102564,0.165138,0.148936,0.159091,0.195122,0.163462,0.14,0.154762,0.166667,0.130952,0.141414,0.14433,0.277108,0.184783,0.137931,0.21,0.169811,0.19802,0.173469,0.099099,0.16,0.218391,0.130435,0.135135,0.125,0.125,0.190476,0.104762,0.132075
0.158879,0.100917,0.433735,0.093458,0.065934,0.115789,0.292929,0.215686,0.113636,0.141414,0.292683,0.168142,0.1,0.145833,0.113043,0.111111,0.41573,0.12766,0.160377,0.333333,0.156627,0.121212,0.356322,0.117647,0.15534,0.09901,0.10101,0.158879,0.126316,0.161017,0.122222,0.14,0.154639,1.0,0.136364,0.138614,0.156863,0.158879,0.1875,0.069767,0.146552,0.407407,0.16129,0.083333,0.209524,0.165049,0.131868,0.121212,0.202381,0.133333,0.147059,0.098039,0.138614,0.129032,0.175926,0.192661,0.175926,0.19802,0.122807,0.150943,0.166667,0.145833,0.157895,0.14,0.129032,0.378947,0.140187,0.095652
0.746667,0.104348,0.17757,0.127273,0.168539,0.107843,0.205357,0.201835,0.129032,0.176471,0.153061,0.158333,0.181818,0.181818,0.377551,0.147059,0.198198,0.118812,0.3,0.171429,0.197674,0.156863,0.22549,0.141509,0.26,0.156863,0.137255,0.235849,0.1875,0.190083,0.16129,0.130841,0.214286,0.136364,1.0,0.196078,0.201923,0.149123,0.166667,0.11236,0.157025,0.110092,0.161616,0.180851,0.240741,0.209524,0.157895,0.204082,0.113402,0.095652,0.169811,0.252632,0.257732,0.230769,0.145299,0.181034,0.185841,0.219048,0.097561,0.216981,0.133333,0.193878,0.198276,0.141509,0.098039,0.210526,0.162162,0.108333
0.260417,0.135922,0.195876,0.106796,0.119048,0.157303,0.190476,0.174757,0.091954,0.122449,0.157303,0.183486,0.175824,0.202247,0.237624,0.103093,0.160377,0.107527,0.153846,0.153061,0.107143,0.113402,0.15,0.121212,0.183673,0.125,0.092784,0.174757,0.130435,0.185841,0.180723,0.14433,0.159574,0.138614,0.196078,1.0,0.161616,0.1,0.192661,0.085366,0.111111,0.121212,0.141304,0.097826,0.180952,0.135922,0.075269,0.136842,0.113636,0.104762,0.212766,0.147368,0.191489,0.120879,0.203883,0.165138,0.192308,0.268817,0.106195,0.144231,0.123711,0.150538,0.162162,0.09901,0.133333,0.185185,0.091743,0.12844
0.203883,0.111111,0.239583,0.114286,0.141176,0.092784,0.242718,0.203883,0.101124,0.153061,0.191011,0.178571,0.222222,0.170213,0.163636,0.134021,0.155963,0.177778,0.242424,0.247312,0.142857,0.168421,0.242105,0.163265,0.166667,0.180851,0.379747,0.148148,0.126316,0.17094,0.134831,0.14,0.204301,0.156863,0.201923,0.161616,1.0,0.158879,0.198198,0.108434,0.127119,0.151515,0.136842,0.155556,0.175926,0.176471,0.107527,0.168421,0.10989,0.144231,0.147059,0.178947,0.185567,0.166667,0.133929,0.192661,0.165138,0.152381,0.094017,0.109091,0.217391,0.111111,0.168142,0.117647,0.117021,0.190909,0.140187,0.105263
0.150442,0.135135,0.201923,0.138889,0.05102,0.166667,0.207207,0.192661,0.11828,0.144231,0.098039,0.140496,0.115385,0.115385,0.135593,0.126214,0.137931,0.131313,0.183486,0.119266,0.146067,0.17,0.117117,0.6,0.179245,0.135922,0.138614,0.226415,0.164948,0.1,0.091837,0.142857,0.145631,0.158879,0.149123,0.1,0.158879,1.0,0.158333,0.065217,0.376238,0.165049,0.14,0.134021,0.127119,0.155963,0.123711,0.17,0.080808,0.116071,0.098214,0.156863,0.152381,0.088235,0.127119,0.133333,0.099174,0.123894,0.080645,0.219048,0.134615,0.074074,0.179487,0.111111,0.132653,0.245455,0.196262,0.157895
0.168067,0.097561,0.44086,0.109244,0.191489,0.152381,0.537634,0.188034,0.086538,0.113043,0.287234,0.300885,0.201923,0.157407,0.144,0.157407,0.215517,0.163462,0.159664,0.31,0.14433,0.145455,0.1875,0.131579,0.155172,0.125,0.227723,0.168067,0.119266,0.420561,0.126214,0.183486,0.165138,0.1875,0.166667,0.192661,0.198198,0.158333,1.0,0.080808,0.138462,0.172727,0.118182,0.19,0.173554,0.205357,0.134615,0.17757,0.104762,0.185841,0.147826,0.165138,0.203704,0.111111,0.173554,0.26087,0.173554,0.152542,0.125984,0.122951,0.221154,0.116071,0.185484,0.141593,0.121495,0.247863,0.132231,0.128
0.113636,0.05618,0.081395,0.070588,0.092308,0.052632,0.085106,0.088889,0.107692,0.060976,0.09589,0.104167,0.090909,0.105263,0.108696,0.063291,0.06383,0.111111,0.114943,0.058824,0.111111,0.089744,0.057471,0.060241,0.094118,0.103896,0.121622,0.065217,0.265625,0.09901,0.136364,0.08642,0.102564,0.069767,0.11236,0.085366,0.108434,0.065217,0.080808,1.0,0.07,0.073171,0.108108,0.098592,0.086022,0.068182,0.084507,0.180556,0.190476,0.148148,0.070588,0.088608,0.141026,0.112676,0.086022,0.083333,0.086022,0.104651,0.108696,0.103448,0.116883,0.105263,0.092784,0.113924,0.19697,0.082474,0.116279,0.06383
0.14876,0.125,0.12605,0.147826,0.076923,0.186275,0.134921,0.130081,0.066038,0.174312,0.110092,0.148438,0.126126,0.157407,0.108527,0.136364,0.155738,0.12037,0.210526,0.119658,0.168421,0.211538,0.127119,0.357895,0.165217,0.115044,0.137615,0.208696,0.109091,0.117647,0.084112,0.141593,0.165138,0.146552,0.157025,0.111111,0.127119,0.376238,0.138462,0.07,1.0,0.102564,0.118182,0.19,0.136,0.144068,0.168317,0.155963,0.074074,0.116667,0.073171,0.144144,0.160714,0.090909,0.136,0.10687,0.145161,0.182609,0.108527,0.201754,0.144144,0.086957,0.122137,0.112069,0.071429,0.123077,0.161017,0.128
0.111111,0.09434,0.173469,0.107843,0.068966,0.108696,0.169811,0.176471,0.13253,0.112245,0.159091,0.163636,0.115789,0.12766,0.127273,0.104167,0.150943,0.146067,0.122642,0.166667,0.15,0.07,0.117647,0.134021,0.127451,0.126316,0.117021,0.111111,0.095745,0.127119,0.114943,0.122449,0.148936,0.407407,0.110092,0.121212,0.151515,0.165049,0.172727,0.073171,0.102564,1.0,0.168539,0.086957,0.138889,0.137255,0.11236,0.138298,0.141176,0.185567,0.141414,0.102041,0.09901,0.122222,0.138889,0.155963,0.138889,0.114286,0.127273,0.113208,0.2,0.12766,0.132743,0.157895,0.16092,0.165138,0.156863,0.099099
0.175258,0.1,0.123711,0.114583,0.12987,0.103448,0.113208,0.14,0.113924,0.131868,0.156627,0.207921,0.098901,0.098901,0.145631,0.123596,0.137255,0.116279,0.13,0.12766,0.075,0.074468,0.148936,0.142857,0.159574,0.174419,0.087912,0.128713,0.102273,0.144144,0.166667,0.11828,0.159091,0.16129,0.161616,0.141304,0.136842,0.14,0.118182,0.108108,0.118182,0.168539,1.0,0.105882,0.093458,0.122449,0.120482,0.16092,0.166667,0.147368,0.150538,0.146067,0.117021,0.130952,0.135922,0.188119,0.114286,0.132653,0.134615,0.154639,0.133333,0.176471,0.12963,0.142857,0.144578,0.110092,0.12,0.126214
0.195652,0.092784,0.09375,0.107527,0.106667,0.108434,0.151515,0.134021,0.090909,0.125,0.121951,0.12381,0.185185,0.185185,0.163265,0.230769,0.108911,0.15,0.224719,0.096774,0.138889,0.168675,0.130435,0.149425,0.179775,0.141176,0.202532,0.122449,0.094118,0.194175,0.0875,0.136364,0.195122,0.083333,0.180851,0.097826,0.155556,0.134021,0.19,0.098592,0.19,0.086957,0.105882,1.0,0.215054,0.139785,0.202703,0.168675,0.0875,0.179775,0.072917,0.166667,0.188235,0.083333,0.141414,0.126214,0.164948,0.126316,0.106796,0.136842,0.180723,0.090909,0.102804,0.162791,0.083333,0.114286,0.125,0.098039
0.278846,0.131579,0.196262,0.135135,0.070707,0.138614,0.191304,0.198198,0.080808,0.161905,0.173469,0.128,0.133333,0.178218,0.212389,0.144231,0.238532,0.095238,0.2,0.28866,0.166667,0.165049,0.245098,0.138889,0.196262,0.121495,0.168317,0.209091,0.137255,0.216667,0.145833,0.182692,0.163462,0.209524,0.240741,0.180952,0.175926,0.127119,0.173554,0.086022,0.136,0.138889,0.093458,0.215054,1.0,0.162162,0.12,0.100917,0.170213,0.142857,0.135135,0.174757,0.24,0.14,0.214286,0.139344,0.36,0.203704,0.151261,0.149123,0.163462,0.122642,0.165289,0.182692,0.106796,0.206897,0.159292,0.144068
0.223301,0.109091,0.186275,0.101852,0.11236,0.102041,0.226415,0.211538,0.086957,0.161616,0.148936,0.145299,0.4,0.12,0.171171,0.166667,0.242718,0.102041,0.201923,0.168317,0.139535,0.107843,0.142857,0.148515,0.222222,0.141414,0.132653,0.2,0.112245,0.177966,0.107527,0.171717,0.14,0.165049,0.209524,0.135922,0.176471,0.155963,0.205357,0.068182,0.144068,0.137255,0.122449,0.139785,0.162162,1.0,0.117021,0.215054,0.144444,0.12037,0.19,0.175258,0.158416,0.114583,0.131579,0.257143,0.121739,0.217822,0.171171,0.158879,0.14,0.087379,0.264151,0.148515,0.150538,0.220183,0.148148,0.103448
0.159574,0.141304,0.106383,0.159091,0.108108,0.151899,0.141414,0.159574,0.092105,0.152941,0.096386,0.073394,0.091954,0.091954,0.13,0.130952,0.132653,0.109756,0.136842,0.097826,0.208955,0.129412,0.119565,0.1,0.142857,0.315068,0.105882,0.172043,0.15,0.140187,0.061728,0.192771,0.154762,0.131868,0.157895,0.075269,0.107527,0.123711,0.134615,0.084507,0.168317,0.11236,0.120482,0.202703,0.12,0.117021,1.0,0.185185,0.061728,0.130435,0.073684,0.141176,0.136364,0.084337,0.108911,0.127451,0.108911,0.092784,0.097087,0.175824,0.127907,0.091954,0.114286,0.11236,0.084337,0.137255,0.150538,0.15625
0.206186,0.086538,0.142857,0.1,0.125,0.087912,0.174757,0.21875,0.151899,0.104167,0.125,0.168224,0.211765,0.157303,0.186275,0.131868,0.144231,0.137931,0.171717,0.112245,0.171053,0.11828,0.088235,0.175824,0.204301,0.209302,0.159091,0.206186,0.111111,0.130435,0.160494,0.114583,0.166667,0.121212,0.204082,0.136842,0.168421,0.17,0.17757,0.180556,0.155963,0.138298,0.16092,0.168675,0.100917,0.215054,0.185185,1.0,0.105882,0.166667,0.134021,0.179775,0.213483,0.139535,0.142857,0.205882,0.090909,0.163265,0.110092,0.173469,0.206897,0.095745,0.213592,0.103093,0.126437,0.180952,0.210526,0.091743
0.126316,0.095745,0.172414,0.086957,0.09589,0.072289,0.09901,0.114583,0.08,0.103448,0.155844,0.161616,0.134146,0.107143,0.09901,0.107143,0.184783,0.126582,0.139785,0.178571,0.082192,0.068182,0.16092,0.089888,0.096774,0.093023,0.082353,0.091837,0.111111,0.142857,0.150685,0.089888,0.130952,0.202381,0.113402,0.113636,0.10989,0.080808,0.104762,0.190476,0.074074,0.141176,0.166667,0.0875,0.170213,0.144444,0.061728,0.105882,1.0,0.186047,0.136364,0.117647,0.088889,0.08642,0.145833,0.13,0.157895,0.142857,0.15625,0.09375,0.117647,0.120482,0.127451,0.102273,0.157895,0.163265,0.09375,0.079208
0.106195,0.080357,0.188119,0.092593,0.101124,0.114583,0.162162,0.106195,0.151163,0.14,0.091837,0.156522,0.15625,0.132653,0.112069,0.168421,0.133929,0.215909,0.117117,0.158416,0.141176,0.131313,0.133333,0.084906,0.121495,0.098039,0.170213,0.086957,0.113402,0.112903,0.120879,0.127451,0.141414,0.133333,0.095652,0.104762,0.144231,0.116071,0.185841,0.148148,0.116667,0.185567,0.147368,0.179775,0.142857,0.12037,0.130435,0.166667,0.186047,1.0,0.113208,0.097087,0.137255,0.12766,0.153153,0.110169,0.207547,0.109091,0.183486,0.108108,0.177083,0.168421,0.136752,0.173469,0.164835,0.128205,0.182692,0.08547
0.194175,0.101852,0.156863,0.084112,0.142857,0.082474,0.144144,0.108108,0.141176,0.131313,0.129032,0.13913,0.267442,0.184783,0.23301,0.10101,0.157407,0.105263,0.140187,0.138614,0.117647,0.067961,0.125,0.097087,0.168317,0.111111,0.08,0.118182,0.092784,0.142857,0.176471,0.086538,0.14433,0.147059,0.169811,0.212766,0.147059,0.098214,0.147826,0.070588,0.073171,0.141414,0.150538,0.072917,0.135135,0.19,0.073684,0.134021,0.136364,0.113208,1.0,0.180851,0.151515,0.11828,0.135135,0.172727,0.135135,0.2,0.094828,0.110092,0.121212,0.159574,0.190909,0.097087,0.130435,0.171171,0.1,0.106195
0.268817,0.151515,0.13,0.132653,0.22973,0.111111,0.173077,0.168317,0.15,0.163043,0.162791,0.155963,0.195402,0.11828,0.232323,0.168539,0.176471,0.098901,0.17,0.122449,0.125,0.117021,0.098039,0.16129,0.177083,0.22093,0.144444,0.18,0.134831,0.169643,0.130952,0.136842,0.277108,0.098039,0.252632,0.147368,0.178947,0.156863,0.165138,0.088608,0.144144,0.102041,0.146067,0.166667,0.174757,0.175258,0.141176,0.179775,0.117647,0.097087,0.180851,1.0,0.159574,0.151163,0.163462,0.192308,0.141509,0.161616,0.109091,0.126214,0.177778,0.142857,0.188679,0.148936,0.137931,0.190476,0.137255,0.132075
0.287234,0.083333,0.221053,0.106796,0.175,0.107527,0.22549,0.163462,0.104651,0.122449,0.170455,0.151786,0.202247,0.27381,0.25,0.126316,0.160377,0.183908,0.22449,0.177083,0.207792,0.148936,0.173469,0.168421,0.183673,0.136842,0.191011,0.222222,0.142857,0.196429,0.126437,0.132653,0.184783,0.138614,0.257732,0.191489,0.185567,0.152381,0.203704,0.141026,0.160714,0.09901,0.117021,0.188235,0.24,0.158416,0.136364,0.213483,0.088889,0.137255,0.151515,0.159574,1.0,0.133333,0.24,0.175926,0.203883,0.268817,0.106195,0.144231,0.184783,0.114583,0.162162,0.132653,0.085106,0.185185,0.178218,0.108108
0.247191,0.07,0.152174,0.094737,0.135135,0.094118,0.161616,0.14433,0.197183,0.136364,0.107143,0.122642,0.127907,0.114943,0.161616,0.114943,0.141414,0.107143,0.157895,0.157303,0.121622,0.126437,0.141304,0.086022,0.12766,0.101124,0.090909,0.121212,0.146341,0.087719,0.1,0.097826,0.137931,0.129032,0.230769,0.120879,0.166667,0.088235,0.111111,0.112676,0.090909,0.122222,0.130952,0.083333,0.14,0.114583,0.084337,0.139535,0.08642,0.12766,0.11828,0.151163,0.133333,1.0,0.065421,0.135922,0.117647,0.102041,0.084906,0.112245,0.11236,0.197531,0.133333,0.16092,0.095238,0.145631,0.10101,0.066038
0.176991,0.162162,0.219048,0.166667,0.12766,0.173469,0.191304,0.166667,0.114583,0.150943,0.161616,0.194915,0.122642,0.20202,0.191304,0.144231,0.163793,0.138614,0.168142,0.201923,0.117021,0.111111,0.154545,0.12844,0.153153,0.142857,0.134615,0.176991,0.115385,0.168,0.134021,0.118182,0.21,0.175926,0.145299,0.203883,0.133929,0.127119,0.173554,0.086022,0.136,0.138889,0.135922,0.141414,0.214286,0.131579,0.108911,0.142857,0.145833,0.153153,0.135135,0.163462,0.24,0.065421,1.0,0.198276,0.259259,0.262136,0.104839,0.149123,0.19802,0.101852,0.146341,0.108108,0.085714,0.217391,0.169643,0.173913
0.192982,0.1,0.259615,0.102564,0.135417,0.092593,0.272727,0.162393,0.111111,0.096491,0.282609,0.263158,0.184466,0.150943,0.166667,0.140187,0.232143,0.156863,0.184211,0.219048,0.090909,0.069565,0.140351,0.211538,0.212963,0.160377,0.12037,0.182609,0.091743,0.201613,0.118812,0.145455,0.169811,0.192661,0.181034,0.165138,0.192661,0.133333,0.26087,0.083333,0.10687,0.155963,0.188119,0.126214,0.139344,0.257143,0.127451,0.205882,0.13,0.110169,0.172727,0.192308,0.175926,0.135922,0.198276,1.0,0.120968,0.198198,0.085271,0.135593,0.192308,0.109091,0.210084,0.115044,0.125,0.222222,0.165217,0.121951
0.231481,0.112069,0.219048,0.095652,0.115789,0.15,0.191304,0.209091,0.080808,0.184466,0.138614,0.175,0.133333,0.239583,0.17094,0.122642,0.205357,0.138614,0.2,0.27551,0.193182,0.2,0.257426,0.078947,0.196262,0.111111,0.156863,0.166667,0.126214,0.177419,0.157895,0.138889,0.19802,0.175926,0.185841,0.192308,0.165138,0.099174,0.173554,0.086022,0.145161,0.138889,0.114286,0.164948,0.36,0.121739,0.108911,0.090909,0.157895,0.207547,0.135135,0.141509,0.203883,0.117647,0.259259,0.120968,1.0,0.25,0.132231,0.13913,0.163462,0.15534,0.155738,0.138889,0.106796,0.157025,0.212963,0.106557
0.257426,0.118182,0.232323,0.111111,0.149425,0.135417,0.224299,0.257426,0.074468,0.16,0.238636,0.19469,0.164948,0.269663,0.190909,0.141414,0.240385,0.112245,0.26,0.15534,0.125,0.117647,0.19802,0.083333,0.196078,0.096154,0.108911,0.175926,0.134021,0.157025,0.168539,0.114286,0.173469,0.19802,0.219048,0.268817,0.152381,0.123894,0.152542,0.104651,0.182609,0.114286,0.132653,0.126316,0.203704,0.217822,0.092784,0.163265,0.142857,0.109091,0.2,0.161616,0.268817,0.102041,0.262136,0.198198,0.25,1.0,0.13913,0.190476,0.127451,0.13,0.273585,0.125,0.08,0.185841,0.116071,0.102564
0.107438,0.092437,0.102564,0.104348,0.04902,0.104762,0.104,0.155172,0.090909,0.108108,0.09434,0.092308,0.100917,0.071429,0.095238,0.188119,0.133333,0.074074,0.108333,0.17757,0.081633,0.09009,0.113043,0.068966,0.131579,0.1,0.11215,0.089431,0.093458,0.130769,0.121212,0.137615,0.099099,0.122807,0.097561,0.106195,0.094017,0.080645,0.125984,0.108696,0.108527,0.127273,0.134615,0.106796,0.151261,0.171171,0.097087,0.110092,0.15625,0.183486,0.094828,0.109091,0.106195,0.084906,0.104839,0.085271,0.132231,0.13913,1.0,0.090909,0.099099,0.111111,0.163934,0.180952,0.127451,0.119048,0.137931,0.096774
0.196262,0.137615,0.171429,0.152381,0.097826,0.182796,0.168142,0.174312,0.146067,0.21875,0.111111,0.152542,0.106796,0.128713,0.118644,0.14,0.160714,0.1,0.209524,0.111111,0.136364,0.15,0.161905,0.12381,0.160377,0.161616,0.086538,0.142857,0.275862,0.146341,0.117021,0.145631,0.16,0.150943,0.216981,0.144231,0.109091,0.219048,0.122951,0.103448,0.201754,0.113208,0.154639,0.136842,0.149123,0.158879,0.175824,0.173469,0.09375,0.108108,0.110092,0.126214,0.144231,0.112245,0.149123,0.135593,0.13913,0.190476,0.090909,1.0,0.137255,0.14,0.182609,0.113208,0.123711,0.184211,0.135135,0.130435
0.145631,0.085714,0.177083,0.09901,0.151899,0.111111,0.196078,0.156863,0.135802,0.126316,0.136364,0.2,0.181818,0.142857,0.150943,0.155556,0.121495,0.149425,0.158416,0.170213,0.184211,0.09375,0.131313,0.16129,0.13,0.179775,0.22619,0.113208,0.086022,0.159292,0.130952,0.173913,0.218391,0.166667,0.133333,0.123711,0.217391,0.134615,0.221154,0.116883,0.144144,0.2,0.133333,0.180723,0.163462,0.14,0.127907,0.206897,0.117647,0.177083,0.121212,0.177778,0.184783,0.11236,0.19802,0.192308,0.163462,0.127451,0.099099,0.137255,1.0,0.083333,0.125,0.173913,0.11236,0.157407,0.148515,0.090909
0.208333,0.076923,0.14433,0.10101,0.098765,0.152941,0.111111,0.115385,0.125,0.179775,0.139535,0.117117,0.096774,0.172414,0.176471,0.108696,0.145631,0.152941,0.138614,0.173913,0.113924,0.119565,0.122449,0.06,0.180851,0.211765,0.074468,0.115385,0.178571,0.131579,0.1625,0.104167,0.130435,0.145833,0.193878,0.150538,0.111111,0.074074,0.116071,0.105263,0.086957,0.12766,0.176471,0.090909,0.122642,0.087379,0.091954,0.095745,0.120482,0.168421,0.159574,0.142857,0.114583,0.197531,0.101852,0.109091,0.15534,0.13,0.111111,0.14,0.083333,1.0,0.137615,0.152174,0.127907,0.138889,0.117647,0.092593
0.210526,0.107438,0.254717,0.110169,0.09901,0.142857,0.279279,0.366337,0.108911,0.133929,0.142857,0.149606,0.215686,0.137615,0.163934,0.215686,0.238938,0.100917,0.223214,0.130435,0.145833,0.106195,0.168142,0.094017,0.209091,0.126126,0.12844,0.169492,0.174757,0.161538,0.127451,0.153153,0.135135,0.157895,0.198276,0.162162,0.168142,0.179487,0.185484,0.092784,0.122137,0.132743,0.12963,0.102804,0.165289,0.264151,0.114286,0.213592,0.127451,0.136752,0.190909,0.188679,0.162162,0.133333,0.146341,0.210084,0.155738,0.273585,0.163934,0.182609,0.125,0.137615,1.0,0.142857,0.11215,0.283186,0.152542,0.12
0.153846,0.104762,0.127451,0.118812,0.094118,0.146067,0.137615,0.121495,0.105882,0.172043,0.133333,0.103448,0.115789,0.12766,0.137615,0.139785,0.173077,0.096774,0.133333,0.154639,0.108434,0.103093,0.128713,0.089109,0.15,0.126316,0.129032,0.100917,0.119565,0.117647,0.114943,0.341463,0.125,0.14,0.141509,0.09901,0.117647,0.111111,0.141593,0.113924,0.112069,0.157895,0.142857,0.162791,0.182692,0.148515,0.11236,0.103093,0.102273,0.173469,0.097087,0.148936,0.132653,0.16092,0.108108,0.115044,0.138889,0.125,0.180952,0.113208,0.173913,0.152174,0.142857,1.0,0.134831,0.114035,0.134615,0.099099
0.11,0.103093,0.12766,0.11828,0.063291,0.081395,0.127451,0.11,0.089744,0.111111,0.120482,0.122642,0.102273,0.114943,0.138614,0.102273,0.153061,0.134146,0.111111,0.107527,0.106667,0.101124,0.082474,0.097826,0.12766,0.113636,0.078652,0.088235,0.175,0.117117,0.157895,0.134831,0.125,0.129032,0.098039,0.133333,0.117021,0.132653,0.121495,0.19697,0.071429,0.16092,0.144578,0.083333,0.106796,0.150538,0.084337,0.126437,0.157895,0.164835,0.130435,0.137931,0.085106,0.095238,0.085714,0.125,0.106796,0.08,0.127451,0.123711,0.11236,0.127907,0.11215,0.134831,1.0,0.113208,0.159574,0.118812
0.245455,0.136752,0.483146,0.130435,0.122449,0.144231,0.39604,0.304762,0.132653,0.155963,0.226804,0.178862,0.205882,0.12844,0.165289,0.138889,0.39,0.133333,0.182609,0.277228,0.147368,0.127273,0.323232,0.154545,0.178571,0.127273,0.150943,0.223214,0.188119,0.209677,0.117647,0.165138,0.190476,0.378947,0.210526,0.185185,0.190909,0.245455,0.247863,0.082474,0.123077,0.165138,0.110092,0.114286,0.206897,0.220183,0.137255,0.180952,0.163265,0.128205,0.171171,0.190476,0.185185,0.145631,0.217391,0.222222,0.157025,0.185841,0.119048,0.184211,0.157407,0.138889,0.283186,0.114035,0.113208,1.0,0.163793,0.14876
0.163636,0.097345,0.12844,0.12037,0.063158,0.134021,0.147826,0.185185,0.096774,0.158416,0.111111,0.123967,0.106796,0.128713,0.128205,0.106796,0.171171,0.170213,0.175926,0.153846,0.204819,0.15,0.150943,0.18,0.242424,0.138614,0.141414,0.219048,0.121212,0.119048,0.129032,0.145631,0.104762,0.140187,0.162162,0.091743,0.140187,0.196262,0.132231,0.116279,0.161017,0.156863,0.12,0.125,0.159292,0.148148,0.150538,0.210526,0.09375,0.182692,0.1,0.137255,0.178218,0.10101,0.169643,0.165217,0.212963,0.116071,0.137931,0.135135,0.148515,0.117647,0.152542,0.134615,0.159574,0.163793,1.0,0.130435
0.1,0.706667,0.104348,0.5625,0.09375,0.252747,0.105691,0.157895,0.070707,0.186275,0.085714,0.102362,0.102804,0.082569,0.105691,0.102804,0.116667,0.096154,0.091667,0.097345,0.106383,0.133333,0.076923,0.12963,0.114035,0.122642,0.093458,0.211009,0.127451,0.124031,0.068627,0.161905,0.132075,0.095652,0.108333,0.12844,0.105263,0.157895,0.128,0.06383,0.128,0.099099,0.126214,0.098039,0.144068,0.103448,0.15625,0.091743,0.079208,0.08547,0.106195,0.132075,0.108108,0.066038,0.173913,0.121951,0.106557,0.102564,0.096774,0.130435,0.090909,0.092593,0.12,0.099099,0.118812,0.14876,0.130435,1.0
