"V1","V2","V3","V4","V5","V6","V7","V8","V9","V10","V11","V12","V13","V14","V15","V16","V17","V18","V19","V20","V21","V22","V23","V24","V25","V26","V27","V28","V29","V30","V31","V32","V33","V34","V35","V36","V37","V38","V39","V40","V41","V42","V43","V44","V45","V46","V47","V48","V49","V50","V51","V52","V53","V54","V55","V56","V57","V58","V59","V60","V61","V62","V63","V64","V65","V66","V67","V68","V69","V70","V71","V72","V73","V74","V75","V76","V77","V78","V79","V80","V81","V82","V83","V84","V85","V86","V87","V88","V89","V90","V91","V92","V93","V94","V95","V96","V97","V98","V99","V100","V101","V102","V103","V104","V105","V106","V107","V108","V109","V110","V111","V112","V113","V114","V115","V116","V117","V118","V119","V120","V121","V122","V123","V124","V125","V126","V127","V128","V129","V130","V131","V132","V133","V134","V135","V136","V137","V138","V139","V140","V141","V142","V143","V144","V145","V146","V147","V148","V149","V150","V151","V152","V153","V154","V155","V156","V157","V158","V159","V160","V161","V162","V163","V164","V165","V166","V167","V168","V169","V170","V171","V172","V173","V174","V175","V176","V177","V178","V179","V180","V181","V182","V183","V184","V185","V186","V187","V188","V189","V190","V191","V192","V193","V194","V195","V196","V197","V198","V199","V200","V201","V202","V203","V204","V205","V206","V207","V208","V209","V210","V211","V212","V213","V214","V215","V216","V217","V218","V219","V220","V221","V222","V223","V224","V225","V226","V227","V228","V229"
1,0.845,0.59,0.732,0.756,0.77,0.619,0.599,0.33,0.783,0.917,0.658,0.983,0.896,0.878,0.881,0.617,0.662,0.961,0.983,0.84,0.605,0.68,0.872,0.74,0.508,0.707,0.624,0.364,0.582,0.862,0.446,0.508,0.631,0.596,0.584,0.606,0.6,0.686,0.305,0.436,0.346,0.597,0.34,0.659,0.506,0.49,0.961,0.354,0.69,0.658,0.764,0.634,0.675,0.661,0.728,0.687,0.341,0.857,0.642,0.485,0.482,0.818,0.74,0.915,0.7,0.639,0.654,0.731,0.6,0.674,0.324,0.674,0.34,0.614,0.939,0.5,0.726,0.82,0.843,0.768,0.491,0.637,0.473,0.639,1,0.678,0.554,0.782,0.73,0.593,0.575,0.738,0.577,0.723,0.811,0.939,0.706,0.714,0.577,0.869,0.667,0.983,1,0.82,0.704,0.71,0.782,0.761,0.593,0.77,0.923,0.769,0.961,0.823,0.732,0.537,0.943,0.681,0.782,0.983,0.898,0.858,0.76,0.511,0.72,0.8,0.775,0.626,0.383,0.703,0.572,0.738,0.702,0.331,1,0.572,0.235,0.34,0.676,0.529,0.762,0.798,0.581,0.662,0.813,0.639,0.544,0.783,0.609,0.798,0.8,1,0.571,0.763,0.739,0.782,0.817,0.872,0.681,1,0.857,0.561,0.612,0.594,0.634,0.64,0.674,0.943,0.983,0.253,0.845,0.728,0.869,0.872,0.556,0.4,0.983,0.524,0.575,0.659,0.665,0.732,0.882,0.983,0.728,0.882,0.746,0.647,1,0.541,0.882,0.917,0.912,0.899,0.587,0.983,0.918,0.273,0.983,0.827,0.673,0.894,0.681,0.781,1,0.963,0.912,0.829,0.813,0.832,0.737,0.732,1,0.607,0.983,0.702,0.912,0.739,0.852,0.852,0.869,0.284,0.758,0,0.761,0.896,0.681,0.629
0.845,1,0.514,0.623,0.75,0.762,0.533,0.752,0.33,0.66,0.787,0.58,0.844,0.772,0.829,0.874,0.551,0.678,0.845,0.844,0.676,0.542,0.594,0.804,0.698,0.5,0.627,0.549,0.352,0.494,0.756,0.425,0.484,0.574,0.632,0.593,0.571,0.519,0.635,0.298,0.424,0.345,0.536,0.339,0.617,0.578,0.53,0.846,0.428,0.63,0.601,0.655,0.52,0.621,0.675,0.678,0.644,0.45,0.729,0.595,0.46,0.456,0.689,0.682,0.778,0.62,0.564,0.609,0.702,0.533,0.724,0.324,0.628,0.339,0.551,0.846,0.567,0.707,0.719,0.688,0.622,0.481,0.646,0.442,0.564,0.841,0.741,0.496,0.709,0.664,0.479,0.546,0.704,0.508,0.636,0.707,0.798,0.714,0.751,0.514,0.807,0.626,0.844,1,0.742,0.624,0.662,0.71,0.73,0.479,0.714,0.795,0.623,0.845,0.77,0.623,0.457,0.787,0.784,0.662,0.844,0.785,0.749,0.668,0.516,0.712,0.702,0.666,0.581,0.383,0.648,0.54,0.706,0.626,0.374,1,0.531,0.232,0.339,0.676,0.487,0.733,0.694,0.558,0.623,0.679,0.576,0.549,0.673,0.554,0.694,0.745,0.841,0.62,0.65,0.64,0.691,0.774,0.763,0.586,0.841,0.753,0.512,0.569,0.55,0.564,0.55,0.642,0.787,0.844,0.251,0.746,0.699,0.806,0.797,0.567,0.376,0.844,0.514,0.593,0.644,0.685,0.623,0.78,0.844,0.642,0.78,0.716,0.751,1,0.611,0.78,0.787,0.725,0.794,0.511,0.844,0.775,0.273,0.844,0.738,0.612,0.818,0.586,0.801,1,0.853,0.725,0.778,0.679,0.831,0.656,0.623,1,0.563,0.844,0.63,0.78,0.637,0.783,0.783,0.751,0.295,0.669,0,0.735,0.772,0.586,0.586
0.59,0.514,1,0.683,0.555,0.53,0.726,0.48,1,0.693,0.647,0.785,0.616,0.629,0.553,0.513,0.627,0.619,0.548,0.616,0.726,0.556,0.59,0.521,0.593,0.569,0.74,0.621,0.501,0.725,0.691,0.506,0.673,0.592,0.521,0.718,0.479,0.653,0.649,0.534,0.544,0.586,0.639,0.588,0.644,0.6,0.49,0.584,0.575,0.509,0.627,0.721,0.644,0.592,0.648,0.691,0.579,0.472,0.489,0.64,0.538,0.534,0.487,0.46,0.64,0.699,0.76,0.517,0.614,0.709,0.584,0.488,0.598,0.588,0.689,0.52,0.475,0.634,0.658,0.723,0.673,0.541,0.558,0.545,0.76,1,0.568,0.917,0.797,0.556,0.777,0.729,0.583,0.745,0.713,0.535,0.702,0.538,0.591,0.941,0.563,0.344,0.616,0.396,0.304,0.549,0.6,0.584,0.453,0.777,0.65,0.604,0.702,0.548,0.571,0.683,0.746,0.643,0.499,0.527,0.616,0.725,0.675,0.539,0.641,0.57,0.565,0.754,0.467,0.383,0.536,0.536,0.721,0.638,0.49,1,0.71,0.534,0.527,0.6,0.636,0.623,0.743,0.484,0.677,0.73,0.576,0.679,0.536,0.549,0.731,0.615,1,0.647,0.55,0.625,0.608,0.474,0.67,0.825,1,0.587,0.539,0.793,0.543,0.384,0.693,0.618,0.643,0.616,0.471,0.639,0.618,0.56,0.498,0.642,0.496,0.616,0.508,0.543,0.659,0.626,0.683,0.574,0.616,0.622,0.574,0.498,0.455,0.396,0.524,0.574,0.647,0.562,0.681,0.642,0.616,0.538,0.273,0.616,0.55,0.642,0.499,0.825,0.486,0.396,0.529,0.562,0.579,0.73,0.542,0.735,0.683,1,0.654,0.616,0.707,0.569,0.512,0.609,0.609,0.631,0.462,0.519,0,0.314,0.629,0.825,0.533
0.732,0.623,0.683,1,0.632,0.569,0.724,0.475,0.33,0.679,0.879,0.8,0.794,0.697,0.632,0.621,0.467,0.772,0.72,0.794,0.707,0.779,0.731,0.618,0.552,0.449,0.733,0.453,0.392,0.71,0.667,0.301,0.564,0.549,0.46,0.653,0.36,0.608,0.583,0.324,0.309,0.375,0.518,0.378,0.525,0.53,0.347,0.722,0.393,0.473,0.571,0.704,0.864,0.506,0.582,0.627,0.515,0.342,0.587,0.55,0.448,0.443,0.584,0.527,0.831,0.617,0.762,0.467,0.563,0.689,0.537,0.34,0.545,0.378,0.518,0.649,0.374,0.568,0.59,0.709,0.621,0.465,0.558,0.429,0.762,1,0.486,0.608,0.561,0.544,0.793,0.712,0.531,0.653,0.637,0.627,0.681,0.526,0.553,0.654,0.676,0.308,0.794,0.396,0.375,0.621,0.559,0.508,0.398,0.793,0.607,0.776,0.624,0.72,0.641,1,0.626,0.873,0.541,0.607,0.794,0.714,0.668,0.554,0.582,0.53,0.503,0.673,0.419,0.383,0.523,0.446,0.691,0.606,0.331,1,0.687,0.257,0.378,0.561,0.542,0.59,0.72,0.374,0.547,0.713,0.813,0.629,0.553,0.497,0.72,0.723,1,0.617,0.652,0.632,0.608,0.545,0.642,0.866,1,0.626,0.487,0.73,0.463,0.551,0.666,0.492,0.873,0.794,0.287,0.673,0.562,0.641,0.6,0.667,0.42,0.794,0.475,0.62,0.542,0.782,1,0.809,0.794,0.802,0.809,0.561,0.49,0.396,0.581,0.809,0.879,0.801,0.656,0.674,0.794,0.647,0.273,0.794,0.724,0.793,0.579,0.866,0.554,0.396,0.663,0.801,0.651,0.713,0.682,0.657,1,1,0.607,0.794,0.75,0.801,0.365,0.661,0.661,0.7,0.277,0.586,0,0.396,0.697,0.866,0.366
0.756,0.75,0.555,0.632,1,0.802,0.572,0.742,0.306,0.64,0.753,0.587,0.766,0.726,0.83,0.845,0.548,0.797,0.73,0.766,0.632,0.541,0.606,0.735,0.71,0.482,0.634,0.558,0.359,0.518,0.7,0.403,0.601,0.567,0.65,0.649,0.531,0.543,0.626,0.303,0.443,0.335,0.572,0.334,0.614,0.592,0.515,0.819,0.342,0.688,0.568,0.671,0.554,0.606,0.71,0.677,0.665,0.458,0.699,0.58,0.454,0.452,0.667,0.744,0.716,0.616,0.577,0.669,0.695,0.55,0.657,0.318,0.548,0.334,0.566,0.791,0.532,0.708,0.683,0.651,0.612,0.451,0.609,0.444,0.577,1,0.67,0.526,0.714,0.636,0.528,0.646,0.611,0.538,0.655,0.667,0.724,0.752,0.765,0.543,0.831,0.629,0.766,1,0.581,0.626,0.713,0.699,0.612,0.528,0.723,0.779,0.596,0.73,0.832,0.632,0.489,0.713,0.785,0.635,0.766,0.728,0.705,0.646,0.493,0.661,0.666,0.656,0.668,0.34,0.717,0.543,0.711,0.622,0.44,0.841,0.663,0.229,0.334,0.719,0.502,0.648,0.683,0.525,0.6,0.677,0.569,0.52,0.639,0.565,0.683,0.842,1,0.627,0.627,0.613,0.659,0.731,0.699,0.602,1,0.702,0.516,0.543,0.552,0.532,0.576,0.589,0.713,0.766,0.261,0.689,0.715,0.685,0.743,0.71,0.39,0.766,0.501,0.651,0.63,0.724,0.632,0.712,0.766,0.639,0.712,0.726,0.748,1,0.723,0.712,0.753,0.665,0.76,0.573,0.766,0.718,0.26,0.766,0.688,0.596,0.72,0.602,0.831,1,0.727,0.665,0.849,0.677,0.818,0.643,0.632,0.841,0.563,0.766,0.622,0.669,0.522,0.701,0.701,0.716,0.318,0.648,0,0.665,0.726,0.602,0.508
0.77,0.762,0.53,0.569,0.802,1,0.538,0.737,0.33,0.656,0.717,0.553,0.765,0.753,0.827,0.779,0.586,0.693,0.736,0.765,0.636,0.501,0.596,0.81,0.758,0.602,0.634,0.645,0.449,0.483,0.74,0.495,0.555,0.597,0.738,0.581,0.665,0.564,0.672,0.364,0.548,0.398,0.583,0.402,0.676,0.599,0.623,0.775,0.451,0.75,0.638,0.668,0.502,0.716,0.719,0.717,0.722,0.547,0.741,0.639,0.528,0.526,0.717,0.781,0.728,0.622,0.567,0.721,0.712,0.547,0.707,0.378,0.617,0.402,0.6,0.75,0.674,0.766,0.71,0.647,0.677,0.533,0.655,0.519,0.567,1,0.718,0.522,0.722,0.711,0.474,0.547,0.694,0.522,0.723,0.686,0.744,0.733,0.753,0.53,0.82,0.69,0.765,1,0.628,0.638,0.741,0.714,0.675,0.474,0.79,0.726,0.607,0.736,0.887,0.569,0.463,0.711,0.777,0.65,0.765,0.742,0.74,0.688,0.577,0.787,0.726,0.646,0.814,0.63,0.737,0.585,0.714,0.637,0.452,1,0.566,0.248,0.402,0.696,0.537,0.73,0.668,0.599,0.636,0.647,0.536,0.625,0.688,0.627,0.668,0.842,1,0.619,0.682,0.673,0.717,0.733,0.723,0.552,1,0.748,0.544,0.525,0.608,0.532,0.572,0.691,0.711,0.765,0.319,0.715,0.726,0.757,0.746,0.601,0.436,0.765,0.608,0.617,0.645,0.66,0.569,0.683,0.765,0.651,0.683,0.721,0.747,1,0.652,0.683,0.717,0.659,0.811,0.63,0.765,0.721,0.303,0.765,0.673,0.595,0.749,0.552,0.799,1,0.748,0.659,0.877,0.647,0.768,0.648,0.569,1,0.637,0.765,0.627,0.676,0.563,0.802,0.802,0.76,0.448,0.706,0,0.706,0.753,0.552,0.53
0.619,0.533,0.726,0.724,0.572,0.538,1,0.483,0.715,0.942,0.683,0.779,0.648,0.627,0.573,0.531,0.681,0.648,0.571,0.648,0.718,0.583,0.619,0.537,0.583,0.521,0.734,0.593,0.467,0.719,0.686,0.467,0.635,0.582,0.531,0.761,0.445,0.647,0.671,0.478,0.54,0.487,0.663,0.488,0.593,0.586,0.45,0.612,0.486,0.546,0.607,0.715,0.674,0.558,0.682,0.672,0.563,0.437,0.516,0.596,0.513,0.509,0.514,0.483,0.672,0.753,0.754,0.558,0.6,0.703,0.573,0.442,0.593,0.488,0.79,0.54,0.447,0.601,0.641,0.717,0.679,0.513,0.614,0.515,0.754,1,0.571,0.666,0.614,0.536,0.769,0.721,0.578,0.767,0.717,0.559,0.696,0.521,0.587,0.696,0.589,0.367,0.648,0.396,0.302,0.565,0.594,0.597,0.426,0.769,0.638,0.636,0.68,0.571,0.581,0.724,0.724,0.679,0.512,0.549,0.648,0.72,0.651,0.538,0.646,0.565,0.558,0.696,0.451,0.383,0.57,0.527,0.702,0.634,0.428,1,0.704,0.614,0.486,0.596,0.612,0.619,0.725,0.453,0.617,0.722,0.602,0.673,0.535,0.539,0.725,0.627,1,0.642,0.572,0.599,0.583,0.489,0.665,0.817,1,0.604,0.559,0.723,0.535,0.402,0.687,0.587,0.679,0.648,0.423,0.644,0.603,0.578,0.516,0.611,0.486,0.648,0.501,0.562,0.597,0.654,0.724,0.6,0.648,0.654,0.6,0.509,0.469,0.396,0.54,0.6,0.683,0.607,0.676,0.637,0.648,0.567,0.273,0.648,0.573,0.666,0.514,0.817,0.5,0.396,0.549,0.607,0.589,0.722,0.562,0.699,0.724,1,0.603,0.648,0.682,0.596,0.449,0.608,0.608,0.651,0.416,0.537,0,0.314,0.627,0.817,0.461
0.599,0.752,0.48,0.475,0.742,0.737,0.483,1,0.64,0.546,0.551,0.513,0.587,0.569,0.785,0.781,0.54,0.723,0.558,0.587,0.532,0.43,0.486,0.634,0.702,0.54,0.539,0.584,0.339,0.48,0.594,0.436,0.607,0.556,0.744,0.698,0.526,0.477,0.592,0.308,0.463,0.391,0.571,0.346,0.57,0.648,0.481,0.63,0.355,0.6,0.564,0.572,0.417,0.581,0.753,0.696,0.707,0.527,0.552,0.527,0.429,0.427,0.556,0.698,0.561,0.546,0.494,0.642,0.725,0.485,0.729,0.356,0.515,0.346,0.527,0.605,0.582,0.748,0.619,0.557,0.522,0.441,0.64,0.417,0.494,1,0.727,0.49,0.66,0.57,0.446,0.62,0.556,0.483,0.555,0.555,0.618,0.811,0.869,0.486,0.737,0.522,0.587,1,0.493,0.517,0.7,0.627,0.61,0.446,0.684,0.598,0.527,0.558,0.775,0.475,0.445,0.548,0.919,0.545,0.587,0.614,0.581,0.58,0.443,0.649,0.589,0.55,0.61,0.467,0.67,0.598,0.699,0.546,0.588,0.841,0.628,0.257,0.346,0.745,0.478,0.584,0.565,0.486,0.571,0.545,0.441,0.462,0.552,0.566,0.565,0.717,1,0.661,0.521,0.535,0.567,0.723,0.613,0.504,1,0.575,0.516,0.484,0.581,0.427,0.494,0.621,0.548,0.587,0.277,0.636,0.781,0.584,0.59,0.688,0.408,0.587,0.506,0.649,0.672,0.72,0.475,0.519,0.587,0.494,0.519,0.691,0.925,1,0.775,0.519,0.551,0.504,0.7,0.457,0.587,0.557,0.561,0.587,0.515,0.506,0.619,0.504,0.814,1,0.575,0.504,0.748,0.545,0.736,0.564,0.475,0.841,0.527,0.587,0.515,0.516,0.491,0.564,0.564,0.582,0.3,0.55,0,0.616,0.569,0.504,0.464
0.33,0.33,1,0.33,0.306,0.33,0.715,0.64,1,0.715,0.33,1,0.33,0.33,0.33,0.33,1,0.33,0.33,0.33,1,0.33,0.33,0.33,1,1,1,1,1,1,1,1,1,1,0.687,1,1,1,1,1,1,1,1,1,1,1,1,0.33,1,0.33,1,1,0.306,1,1,1,1,1,0.306,1,1,1,0.306,0.306,0.33,1,1,0.33,1,1,1,1,1,1,1,0.33,1,1,1,1,1,1,0.715,1,1,0.306,1,1,1,0.687,1,1,1,1,1,0.33,1,0.687,1,1,0.33,0.214,0.33,0.177,0.226,0.33,1,1,0.687,1,1,0.33,1,0.33,0.33,0.33,1,0.33,0.373,0.33,0.33,1,0.687,0.33,1,1,1,1,0.687,0.317,0.33,1,1,1,1,0.33,1,1,1,1,1,1,1,1,1,1,0.33,1,0.33,1,1,0.33,0.306,1,0.33,0.687,0.687,0.33,1,1,0.306,0.33,1,1,1,0.201,1,1,0.33,0.33,1,0.692,1,0.373,0.33,0.687,1,0.33,1,0.373,1,0.33,0.33,0.33,0.33,0.33,0.33,0.373,0.373,0.177,0.373,0.33,0.33,0.306,1,0.33,0.33,0.306,0.207,0.33,0.33,0.373,0.33,1,0.33,0.177,0.33,0.306,0.33,1,0.33,1,0.33,0.33,0.692,0.33,0.687,0.33,1,0.33,0.33,0.33,1,0.33,0,0.214,0.33,1,1
0.783,0.66,0.693,0.679,0.64,0.656,0.942,0.546,0.715,1,0.718,0.737,0.777,0.746,0.711,0.693,0.752,0.624,0.722,0.777,0.82,0.555,0.608,0.694,0.701,0.538,0.718,0.672,0.453,0.679,0.793,0.536,0.613,0.605,0.6,0.73,0.563,0.638,0.704,0.459,0.564,0.468,0.678,0.466,0.634,0.576,0.516,0.775,0.466,0.666,0.661,0.731,0.63,0.639,0.702,0.735,0.66,0.428,0.659,0.623,0.512,0.509,0.644,0.598,0.769,0.77,0.719,0.662,0.689,0.676,0.648,0.43,0.673,0.466,0.805,0.726,0.483,0.689,0.758,0.79,0.775,0.512,0.633,0.514,0.719,1,0.665,0.645,0.74,0.647,0.713,0.679,0.688,0.733,0.739,0.665,0.84,0.594,0.667,0.668,0.705,0.535,0.777,0.697,0.543,0.596,0.673,0.74,0.641,0.713,0.724,0.783,0.776,0.722,0.686,0.679,0.688,0.785,0.587,0.627,0.777,0.821,0.759,0.649,0.62,0.673,0.732,0.727,0.556,0.383,0.661,0.588,0.714,0.658,0.423,1,0.667,0.57,0.463,0.635,0.606,0.713,0.75,0.517,0.655,0.753,0.572,0.642,0.661,0.606,0.75,0.661,1,0.626,0.661,0.679,0.68,0.638,0.805,0.767,1,0.744,0.581,0.687,0.6,0.463,0.671,0.679,0.785,0.777,0.4,0.743,0.702,0.711,0.683,0.582,0.476,0.777,0.518,0.553,0.666,0.632,0.679,0.65,0.777,0.643,0.65,0.611,0.55,0.697,0.529,0.65,0.718,0.736,0.811,0.612,0.777,0.704,0.273,0.777,0.62,0.642,0.714,0.767,0.636,0.697,0.742,0.736,0.692,0.753,0.628,0.722,0.679,1,0.603,0.777,0.667,0.726,0.581,0.718,0.718,0.761,0.406,0.631,0,0.494,0.746,0.767,0.528
0.917,0.787,0.647,0.879,0.753,0.717,0.683,0.551,0.33,0.718,1,0.742,0.957,0.852,0.802,0.819,0.553,0.734,0.923,0.957,0.761,0.702,0.729,0.804,0.674,0.496,0.75,0.559,0.384,0.657,0.814,0.381,0.549,0.626,0.543,0.628,0.502,0.629,0.689,0.32,0.4,0.362,0.59,0.359,0.658,0.529,0.426,0.914,0.375,0.624,0.609,0.801,0.759,0.618,0.66,0.674,0.612,0.347,0.803,0.638,0.486,0.481,0.753,0.673,0.87,0.706,0.718,0.583,0.682,0.659,0.621,0.333,0.593,0.359,0.606,0.879,0.473,0.672,0.769,0.777,0.68,0.492,0.633,0.47,0.718,1,0.612,0.589,0.726,0.673,0.702,0.657,0.667,0.624,0.734,0.758,0.852,0.649,0.662,0.625,0.823,0.57,0.957,1,0.684,0.711,0.658,0.709,0.63,0.702,0.719,0.859,0.682,0.923,0.772,0.879,0.591,0.899,0.631,0.723,0.957,0.858,0.809,0.678,0.559,0.662,0.713,0.806,0.564,0.383,0.64,0.521,0.755,0.708,0.333,1,0.642,0.244,0.359,0.677,0.552,0.706,0.83,0.561,0.662,0.862,0.749,0.596,0.692,0.551,0.83,0.833,1,0.604,0.694,0.672,0.729,0.714,0.8,0.788,1,0.792,0.549,0.683,0.55,0.61,0.68,0.606,0.899,0.957,0.268,0.799,0.666,0.784,0.808,0.623,0.413,0.957,0.514,0.611,0.589,0.741,0.879,0.968,0.957,0.798,0.968,0.686,0.59,1,0.568,0.968,1,0.847,0.812,0.643,0.957,0.872,0.273,0.957,0.881,0.751,0.807,0.788,0.714,1,0.887,0.847,0.779,0.862,0.879,0.751,0.879,1,0.625,0.957,0.751,0.847,0.617,0.803,0.803,0.818,0.289,0.705,0,0.656,0.852,0.788,0.613
0.658,0.58,0.785,0.8,0.587,0.553,0.779,0.513,1,0.737,0.742,1,0.695,0.632,0.597,0.572,0.648,0.69,0.629,0.695,0.805,0.658,0.666,0.574,0.63,0.585,0.801,0.638,0.559,0.83,0.75,0.531,0.726,0.675,0.49,0.775,0.523,0.713,0.682,0.59,0.547,0.621,0.681,0.621,0.669,0.65,0.538,0.65,0.612,0.466,0.666,0.79,0.698,0.633,0.72,0.728,0.614,0.517,0.54,0.671,0.57,0.565,0.583,0.538,0.723,0.749,0.842,0.462,0.643,0.803,0.615,0.569,0.709,0.621,0.72,0.587,0.524,0.676,0.702,0.789,0.732,0.581,0.601,0.581,0.842,1,0.586,0.706,0.655,0.572,0.878,0.808,0.635,0.801,0.752,0.648,0.759,0.581,0.625,0.779,0.623,0.305,0.695,0.396,0.343,0.659,0.675,0.584,0.452,0.878,0.693,0.682,0.769,0.629,0.601,0.8,0.793,0.738,0.536,0.648,0.695,0.785,0.681,0.58,0.713,0.604,0.596,0.808,0.461,0.467,0.538,0.587,0.772,0.677,0.543,1,0.777,0.55,0.601,0.654,0.655,0.67,0.811,0.531,0.708,0.809,0.675,0.75,0.583,0.627,0.802,0.656,1,0.746,0.657,0.692,0.668,0.577,0.757,0.924,1,0.586,0.635,0.852,0.593,0.448,0.751,0.659,0.738,0.695,0.572,0.708,0.677,0.617,0.558,0.681,0.597,0.695,0.568,0.633,0.703,0.7,0.8,0.673,0.695,0.704,0.673,0.578,0.491,0.396,0.624,0.673,0.742,0.656,0.731,0.62,0.695,0.577,0.538,0.695,0.631,0.73,0.546,0.924,0.528,0.396,0.597,0.656,0.609,0.809,0.612,0.79,0.8,1,0.676,0.695,0.745,0.667,0.552,0.616,0.616,0.635,0.476,0.612,0,0.354,0.632,0.924,0.584
0.983,0.844,0.616,0.794,0.766,0.765,0.648,0.587,0.33,0.777,0.957,0.695,1,0.902,0.857,0.884,0.604,0.696,0.977,1,0.838,0.646,0.704,0.875,0.731,0.503,0.729,0.609,0.375,0.615,0.863,0.425,0.527,0.631,0.584,0.604,0.582,0.615,0.69,0.314,0.421,0.353,0.596,0.348,0.661,0.518,0.476,0.974,0.363,0.679,0.648,0.783,0.687,0.664,0.663,0.719,0.664,0.346,0.858,0.642,0.488,0.484,0.814,0.731,0.924,0.706,0.674,0.642,0.724,0.627,0.666,0.328,0.658,0.348,0.612,0.95,0.49,0.719,0.817,0.808,0.758,0.493,0.637,0.474,0.674,1,0.665,0.57,0.777,0.723,0.639,0.612,0.729,0.599,0.73,0.807,0.918,0.677,0.705,0.599,0.871,0.65,1,1,0.807,0.709,0.701,0.778,0.753,0.639,0.764,0.932,0.759,0.977,0.821,0.794,0.561,0.957,0.671,0.751,1,0.902,0.858,0.734,0.533,0.713,0.796,0.792,0.613,0.383,0.691,0.559,0.747,0.707,0.333,1,0.604,0.24,0.348,0.679,0.54,0.756,0.816,0.575,0.664,0.838,0.685,0.567,0.755,0.595,0.816,0.818,1,0.587,0.755,0.729,0.777,0.787,0.868,0.727,1,0.857,0.557,0.643,0.583,0.643,0.66,0.662,0.957,1,0.261,0.845,0.718,0.846,0.875,0.586,0.407,1,0.522,0.592,0.644,0.699,0.794,0.923,1,0.762,0.923,0.738,0.634,1,0.554,0.923,0.957,0.923,0.876,0.612,1,0.926,0.273,1,0.855,0.708,0.893,0.727,0.775,1,0.97,0.923,0.827,0.838,0.857,0.746,0.794,1,0.617,1,0.727,0.923,0.68,0.853,0.853,0.872,0.288,0.751,0,0.748,0.902,0.727,0.627
0.896,0.772,0.629,0.697,0.726,0.753,0.627,0.569,0.33,0.746,0.852,0.632,0.902,1,0.804,0.808,0.579,0.638,0.87,0.902,0.747,0.57,0.646,0.806,0.723,0.511,0.673,0.603,0.403,0.559,0.795,0.443,0.489,0.602,0.653,0.564,0.579,0.565,0.656,0.325,0.526,0.361,0.558,0.359,0.644,0.49,0.471,0.888,0.371,0.772,0.62,0.708,0.654,0.666,0.627,0.682,0.668,0.355,0.847,0.627,0.483,0.479,0.807,0.732,0.834,0.66,0.612,0.754,0.692,0.575,0.641,0.337,0.614,0.359,0.58,0.858,0.485,0.711,0.758,0.739,0.721,0.489,0.61,0.47,0.612,1,0.688,0.594,0.775,0.73,0.563,0.549,0.682,0.559,0.718,0.75,0.845,0.65,0.668,0.6,0.802,0.692,0.902,1,0.717,0.674,0.684,0.791,0.719,0.563,0.751,0.842,0.687,0.87,0.801,0.697,0.516,0.852,0.644,0.702,0.902,0.831,0.952,0.806,0.523,0.714,0.792,0.718,0.643,0.383,0.769,0.599,0.703,0.664,0.339,1,0.549,0.277,0.359,0.641,0.571,0.714,0.746,0.562,0.631,0.747,0.604,0.552,0.836,0.595,0.746,0.795,1,0.555,0.754,0.73,0.774,0.731,0.806,0.651,1,0.883,0.536,0.586,0.619,0.562,0.605,0.648,0.852,0.902,0.282,0.785,0.685,0.791,0.799,0.535,0.408,0.902,0.52,0.557,0.607,0.641,0.697,0.808,0.902,0.69,0.808,0.691,0.608,1,0.531,0.808,0.852,0.807,0.812,0.709,0.902,0.867,0.273,0.902,0.762,0.65,0.834,0.651,0.725,1,0.875,0.807,0.807,0.747,0.774,0.695,0.697,1,0.605,0.902,0.672,0.808,0.607,0.947,0.947,0.901,0.334,0.75,0,0.664,1,0.651,0.551
0.878,0.829,0.553,0.632,0.83,0.827,0.573,0.785,0.33,0.711,0.802,0.597,0.857,0.804,1,0.881,0.609,0.807,0.832,0.857,0.716,0.552,0.647,0.826,0.762,0.519,0.689,0.606,0.349,0.524,0.788,0.443,0.588,0.625,0.683,0.633,0.611,0.582,0.694,0.297,0.48,0.331,0.642,0.324,0.665,0.609,0.492,0.858,0.335,0.695,0.658,0.735,0.546,0.667,0.745,0.742,0.729,0.448,0.766,0.627,0.501,0.498,0.738,0.773,0.815,0.67,0.588,0.697,0.774,0.563,0.737,0.317,0.623,0.324,0.608,0.835,0.599,0.759,0.774,0.746,0.676,0.503,0.669,0.486,0.588,1,0.721,0.532,0.758,0.712,0.52,0.622,0.693,0.545,0.685,0.751,0.842,0.797,0.813,0.546,0.875,0.64,0.857,1,0.715,0.673,0.744,0.746,0.767,0.52,0.769,0.807,0.677,0.832,0.853,0.632,0.499,0.8,0.832,0.733,0.857,0.819,0.782,0.779,0.481,0.722,0.738,0.702,0.648,0.383,0.742,0.596,0.787,0.685,0.426,1,0.606,0.225,0.324,0.773,0.526,0.736,0.734,0.567,0.662,0.721,0.593,0.518,0.737,0.618,0.734,0.823,1,0.679,0.697,0.683,0.733,0.843,0.797,0.607,1,0.792,0.564,0.565,0.614,0.605,0.624,0.653,0.8,0.857,0.238,0.777,0.784,0.8,0.798,0.642,0.4,0.857,0.568,0.66,0.721,0.701,0.632,0.77,0.857,0.682,0.77,0.778,0.799,1,0.676,0.77,0.802,0.751,0.853,0.559,0.857,0.8,0.287,0.857,0.751,0.616,0.877,0.607,0.849,1,0.843,0.751,0.864,0.721,0.88,0.696,0.632,1,0.604,0.857,0.673,0.768,0.661,0.778,0.778,0.809,0.279,0.723,0,0.762,0.804,0.607,0.584
0.881,0.874,0.513,0.621,0.845,0.779,0.531,0.781,0.33,0.693,0.819,0.572,0.884,0.808,0.881,1,0.57,0.734,0.89,0.884,0.722,0.54,0.604,0.842,0.746,0.491,0.638,0.568,0.348,0.49,0.781,0.44,0.507,0.586,0.632,0.631,0.598,0.521,0.645,0.291,0.438,0.328,0.565,0.317,0.631,0.556,0.576,0.917,0.334,0.68,0.611,0.685,0.516,0.64,0.724,0.711,0.674,0.431,0.767,0.609,0.475,0.472,0.728,0.732,0.817,0.64,0.553,0.648,0.732,0.522,0.696,0.309,0.596,0.317,0.562,0.926,0.555,0.746,0.752,0.711,0.664,0.483,0.634,0.46,0.553,0.841,0.702,0.495,0.753,0.68,0.475,0.587,0.669,0.506,0.658,0.737,0.831,0.747,0.79,0.507,0.859,0.698,0.884,1,0.803,0.644,0.703,0.766,0.754,0.475,0.741,0.875,0.665,0.89,0.828,0.621,0.454,0.832,0.829,0.682,0.884,0.817,0.777,0.69,0.429,0.691,0.731,0.687,0.623,0.383,0.695,0.564,0.732,0.646,0.399,1,0.571,0.218,0.317,0.72,0.477,0.703,0.72,0.576,0.636,0.715,0.573,0.493,0.698,0.58,0.72,0.8,0.841,0.595,0.683,0.665,0.714,0.821,0.793,0.584,0.841,0.783,0.522,0.561,0.563,0.617,0.561,0.618,0.832,0.884,0.237,0.771,0.739,0.778,0.878,0.615,0.374,0.884,0.506,0.619,0.684,0.722,0.621,0.816,0.884,0.643,0.816,0.763,0.8,1,0.68,0.816,0.819,0.778,0.829,0.509,0.884,0.818,0.273,0.884,0.77,0.596,0.848,0.584,0.872,1,0.893,0.778,0.846,0.715,0.883,0.672,0.621,1,0.56,0.884,0.633,0.831,0.679,0.772,0.772,0.787,0.272,0.694,0,0.809,0.808,0.584,0.633
0.617,0.551,0.627,0.467,0.548,0.586,0.681,0.54,1,0.752,0.553,0.648,0.604,0.579,0.609,0.57,1,0.472,0.571,0.604,0.71,0.502,0.567,0.581,0.696,0.7,0.674,0.725,0.52,0.605,0.743,0.667,0.651,0.692,0.554,0.718,0.613,0.693,0.737,0.542,0.624,0.532,0.761,0.526,0.751,0.587,0.564,0.612,0.523,0.522,0.788,0.687,0.412,0.688,0.685,0.704,0.695,0.563,0.549,0.66,0.592,0.639,0.528,0.511,0.57,0.822,0.636,0.519,0.801,0.616,0.763,0.557,0.646,0.526,0.845,0.582,0.557,0.7,0.738,0.706,0.691,0.655,0.66,0.572,0.636,1,0.659,0.615,0.727,0.633,0.613,0.604,0.694,0.77,0.719,0.568,0.77,0.595,0.671,0.64,0.579,0.463,0.604,1,0.461,0.519,0.672,0.716,0.629,0.613,0.712,0.574,0.699,0.571,0.581,0.467,0.718,0.563,0.537,0.542,0.604,0.762,0.67,0.556,0.579,0.695,0.716,0.714,0.567,0.383,0.515,0.606,0.702,0.746,0.555,1,0.6,0.58,0.5,0.711,0.619,0.717,0.772,0.602,0.725,0.699,0.426,0.599,0.552,0.627,0.73,0.546,1,0.613,0.521,0.611,0.642,0.549,0.751,0.656,1,0.586,0.662,0.649,0.61,0.37,0.637,0.704,0.563,0.604,0.454,0.684,0.709,0.62,0.565,0.515,0.516,0.604,0.578,0.476,0.677,0.474,0.467,0.516,0.604,0.496,0.516,0.559,0.508,1,0.448,0.516,0.553,0.515,0.755,0.449,0.604,0.562,0.273,0.604,0.511,0.49,0.604,0.656,0.553,1,0.59,0.515,0.584,0.699,0.533,0.75,0.467,1,0.591,0.604,0.622,0.525,0.637,0.57,0.57,0.564,0.464,0.549,0,0.433,0.579,0.656,0.608
0.662,0.678,0.619,0.772,0.797,0.693,0.648,0.723,0.33,0.624,0.734,0.69,0.696,0.638,0.807,0.734,0.472,1,0.638,0.696,0.599,0.646,0.652,0.624,0.616,0.454,0.663,0.454,0.364,0.607,0.621,0.312,0.641,0.533,0.571,0.717,0.398,0.551,0.578,0.302,0.351,0.348,0.552,0.343,0.531,0.659,0.412,0.693,0.357,0.533,0.558,0.641,0.667,0.505,0.698,0.651,0.594,0.487,0.547,0.537,0.438,0.435,0.545,0.636,0.715,0.588,0.665,0.56,0.634,0.623,0.618,0.326,0.513,0.343,0.512,0.641,0.494,0.632,0.576,0.64,0.554,0.454,0.579,0.424,0.665,1,0.578,0.576,0.58,0.539,0.626,0.755,0.513,0.603,0.6,0.595,0.632,0.685,0.709,0.603,0.763,0.377,0.696,0.443,0.391,0.591,0.641,0.528,0.503,0.626,0.644,0.72,0.555,0.638,0.752,0.772,0.559,0.725,0.761,0.58,0.696,0.655,0.622,0.594,0.529,0.558,0.503,0.597,0.487,0.383,0.623,0.484,0.73,0.574,0.457,1,0.74,0.236,0.343,0.694,0.528,0.572,0.651,0.387,0.548,0.613,0.665,0.576,0.542,0.528,0.651,0.802,1,0.74,0.605,0.593,0.583,0.658,0.607,0.717,1,0.595,0.487,0.643,0.492,0.504,0.592,0.487,0.725,0.696,0.255,0.63,0.668,0.608,0.602,0.797,0.416,0.696,0.48,0.729,0.634,0.82,0.772,0.673,0.696,0.691,0.673,0.661,0.711,0.443,0.774,0.673,0.734,0.637,0.667,0.612,0.696,0.583,0.273,0.696,0.636,0.696,0.626,0.717,0.727,0.443,0.609,0.637,0.774,0.613,0.793,0.615,0.772,1,0.581,0.696,0.674,0.663,0.38,0.617,0.617,0.654,0.257,0.567,0,0.539,0.638,0.717,0.383
0.961,0.845,0.548,0.72,0.73,0.736,0.571,0.558,0.33,0.722,0.923,0.629,0.977,0.87,0.832,0.89,0.571,0.638,1,0.977,0.785,0.607,0.647,0.878,0.705,0.49,0.681,0.569,0.369,0.537,0.83,0.424,0.457,0.596,0.557,0.549,0.599,0.547,0.658,0.308,0.421,0.344,0.544,0.335,0.646,0.465,0.49,0.95,0.354,0.645,0.617,0.729,0.592,0.651,0.625,0.685,0.638,0.342,0.82,0.626,0.488,0.484,0.771,0.688,0.89,0.664,0.605,0.607,0.698,0.56,0.641,0.318,0.608,0.335,0.57,0.966,0.496,0.689,0.783,0.764,0.7,0.494,0.606,0.473,0.605,0.841,0.624,0.517,0.748,0.696,0.535,0.521,0.689,0.536,0.687,0.772,0.891,0.642,0.672,0.537,0.839,0.681,0.977,1,0.885,0.669,0.668,0.751,0.777,0.535,0.731,0.9,0.702,1,0.787,0.72,0.487,0.923,0.64,0.714,0.977,0.874,0.825,0.703,0.455,0.685,0.763,0.74,0.581,0.383,0.652,0.528,0.713,0.669,0.327,1,0.524,0.229,0.335,0.642,0.493,0.725,0.773,0.591,0.651,0.785,0.654,0.528,0.721,0.56,0.773,0.775,0.841,0.54,0.71,0.686,0.742,0.781,0.839,0.655,0.841,0.827,0.524,0.615,0.557,0.667,0.598,0.627,0.923,0.977,0.253,0.814,0.69,0.817,0.879,0.504,0.382,0.977,0.504,0.541,0.628,0.642,0.72,0.939,0.977,0.705,0.939,0.728,0.599,1,0.507,0.939,0.923,0.876,0.847,0.544,0.977,0.893,0.273,0.977,0.857,0.651,0.898,0.655,0.77,1,0.988,0.876,0.793,0.785,0.859,0.705,0.72,1,0.578,0.977,0.679,0.939,0.737,0.819,0.819,0.836,0.286,0.717,0,0.811,0.87,0.655,0.685
0.983,0.844,0.616,0.794,0.766,0.765,0.648,0.587,0.33,0.777,0.957,0.695,1,0.902,0.857,0.884,0.604,0.696,0.977,1,0.838,0.646,0.704,0.875,0.731,0.503,0.729,0.609,0.375,0.615,0.863,0.425,0.527,0.631,0.584,0.604,0.582,0.615,0.69,0.314,0.421,0.353,0.596,0.348,0.661,0.518,0.476,0.974,0.363,0.679,0.648,0.783,0.687,0.664,0.663,0.719,0.664,0.346,0.858,0.642,0.488,0.484,0.814,0.731,0.924,0.706,0.674,0.642,0.724,0.627,0.666,0.328,0.658,0.348,0.612,0.95,0.49,0.719,0.817,0.808,0.758,0.493,0.637,0.474,0.674,1,0.665,0.57,0.777,0.723,0.639,0.612,0.729,0.599,0.73,0.807,0.918,0.677,0.705,0.599,0.871,0.65,1,1,0.807,0.709,0.701,0.778,0.753,0.639,0.764,0.932,0.759,0.977,0.821,0.794,0.561,0.957,0.671,0.751,1,0.902,0.858,0.734,0.533,0.713,0.796,0.792,0.613,0.383,0.691,0.559,0.747,0.707,0.333,1,0.604,0.24,0.348,0.679,0.54,0.756,0.816,0.575,0.664,0.838,0.685,0.567,0.755,0.595,0.816,0.818,1,0.587,0.755,0.729,0.777,0.787,0.868,0.727,1,0.857,0.557,0.643,0.583,0.643,0.66,0.662,0.957,1,0.261,0.845,0.718,0.846,0.875,0.586,0.407,1,0.522,0.592,0.644,0.699,0.794,0.923,1,0.762,0.923,0.738,0.634,1,0.554,0.923,0.957,0.923,0.876,0.612,1,0.926,0.273,1,0.855,0.708,0.893,0.727,0.775,1,0.97,0.923,0.827,0.838,0.857,0.746,0.794,1,0.617,1,0.727,0.923,0.68,0.853,0.853,0.872,0.288,0.751,0,0.748,0.902,0.727,0.627
0.84,0.676,0.726,0.707,0.632,0.636,0.718,0.532,1,0.82,0.761,0.805,0.838,0.747,0.716,0.722,0.71,0.599,0.785,0.838,1,0.526,0.586,0.714,0.701,0.54,0.749,0.711,0.462,0.751,0.869,0.581,0.699,0.611,0.515,0.705,0.651,0.693,0.679,0.516,0.546,0.587,0.69,0.596,0.67,0.596,0.628,0.829,0.571,0.559,0.665,0.835,0.63,0.648,0.673,0.757,0.661,0.484,0.706,0.638,0.548,0.544,0.682,0.609,0.815,0.746,0.784,0.53,0.699,0.715,0.647,0.489,0.726,0.596,0.728,0.782,0.535,0.709,0.849,0.874,0.882,0.532,0.561,0.575,0.784,1,0.67,0.638,0.768,0.637,0.865,0.781,0.741,0.75,0.747,0.668,0.932,0.601,0.685,0.717,0.723,0.524,0.838,0.697,0.697,0.562,0.676,0.746,0.725,0.865,0.746,0.848,0.931,0.785,0.679,0.707,0.763,0.862,0.561,0.616,0.838,0.897,0.78,0.613,0.651,0.683,0.804,0.869,0.546,0.34,0.563,0.547,0.741,0.673,0.487,0.841,0.737,0.56,0.552,0.642,0.589,0.733,0.834,0.592,0.701,0.899,0.548,0.657,0.635,0.596,0.815,0.644,1,0.619,0.658,0.696,0.696,0.643,0.874,0.868,1,0.72,0.541,0.765,0.557,0.518,0.723,0.743,0.862,0.838,0.491,0.781,0.719,0.725,0.715,0.616,0.456,0.838,0.479,0.515,0.721,0.608,0.707,0.681,0.838,0.638,0.681,0.595,0.536,0.697,0.481,0.681,0.761,0.861,0.879,0.523,0.838,0.772,0.265,0.838,0.628,0.624,0.74,0.868,0.63,0.697,0.804,0.861,0.683,0.899,0.636,0.779,0.707,0.841,0.615,0.838,0.673,0.802,0.789,0.706,0.706,0.74,0.469,0.613,0,0.612,0.747,0.868,0.747
0.605,0.542,0.556,0.779,0.541,0.501,0.583,0.43,0.33,0.555,0.702,0.658,0.646,0.57,0.552,0.54,0.502,0.646,0.607,0.646,0.526,1,0.833,0.547,0.504,0.49,0.623,0.388,0.365,0.559,0.556,0.293,0.45,0.488,0.417,0.716,0.345,0.689,0.52,0.301,0.297,0.359,0.574,0.354,0.606,0.453,0.329,0.596,0.373,0.405,0.613,0.553,0.638,0.493,0.541,0.553,0.466,0.534,0.457,0.503,0.48,0.598,0.455,0.426,0.683,0.673,0.615,0.404,0.599,0.562,0.567,0.501,0.459,0.354,0.444,0.555,0.361,0.507,0.49,0.583,0.47,0.483,0.607,0.382,0.615,0.841,0.433,0.538,0.491,0.487,0.566,0.531,0.446,0.542,0.539,0.549,0.571,0.461,0.483,0.548,0.566,0.291,0.646,0.396,0.344,0.533,0.495,0.44,0.38,0.566,0.53,0.629,0.473,0.607,0.542,0.779,0.496,0.696,0.485,0.53,0.646,0.603,0.562,0.486,0.461,0.473,0.412,0.531,0.366,0.383,0.442,0.421,0.614,0.657,0.353,1,0.536,0.236,0.354,0.609,0.532,0.519,0.593,0.359,0.503,0.532,0.671,0.535,0.473,0.476,0.66,0.597,0.841,0.54,0.541,0.538,0.523,0.482,0.543,0.689,0.841,0.528,0.52,0.642,0.424,0.459,0.537,0.427,0.696,0.646,0.266,0.579,0.523,0.556,0.519,0.526,0.379,0.646,0.449,0.578,0.494,0.656,0.779,0.668,0.646,0.655,0.668,0.545,0.43,0.396,0.51,0.668,0.702,0.575,0.558,0.547,0.646,0.496,0.273,0.646,0.61,0.672,0.516,0.689,0.497,0.396,0.569,0.575,0.552,0.532,0.588,0.562,0.779,1,0.542,0.646,0.644,0.66,0.337,0.55,0.55,0.573,0.26,0.505,0,0.357,0.57,0.689,0.331
0.68,0.594,0.59,0.731,0.606,0.596,0.619,0.486,0.33,0.608,0.729,0.666,0.704,0.646,0.647,0.604,0.567,0.652,0.647,0.704,0.586,0.833,1,0.674,0.586,0.525,0.734,0.474,0.374,0.583,0.632,0.353,0.504,0.567,0.499,0.716,0.429,0.788,0.636,0.318,0.368,0.351,0.651,0.346,0.709,0.501,0.357,0.679,0.359,0.509,0.672,0.659,0.635,0.616,0.608,0.631,0.53,0.49,0.579,0.542,0.65,0.672,0.563,0.527,0.728,0.709,0.637,0.484,0.718,0.598,0.669,0.507,0.527,0.346,0.513,0.626,0.425,0.577,0.607,0.644,0.542,0.577,0.744,0.456,0.637,1,0.563,0.604,0.598,0.574,0.594,0.569,0.552,0.576,0.597,0.629,0.648,0.536,0.602,0.584,0.639,0.383,0.704,0.643,0.423,0.588,0.559,0.548,0.467,0.594,0.598,0.675,0.544,0.647,0.613,0.731,0.547,0.703,0.544,0.603,0.704,0.684,0.636,0.604,0.522,0.553,0.532,0.616,0.463,0.383,0.523,0.49,0.731,0.777,0.403,1,0.568,0.234,0.346,0.68,0.641,0.634,0.648,0.456,0.57,0.62,0.686,0.544,0.555,0.588,0.779,0.65,1,0.572,0.589,0.585,0.595,0.549,0.622,0.681,1,0.619,0.566,0.619,0.493,0.504,0.7,0.527,0.703,0.704,0.253,0.644,0.613,0.633,0.593,0.568,0.403,0.704,0.533,0.667,0.543,0.663,0.731,0.668,0.704,0.759,0.668,0.607,0.502,0.643,0.544,0.668,0.729,0.622,0.632,0.599,0.704,0.615,0.273,0.704,0.658,0.679,0.595,0.681,0.597,0.643,0.63,0.622,0.619,0.62,0.662,0.622,0.731,1,0.628,0.704,0.761,0.638,0.402,0.624,0.624,0.666,0.266,0.59,0,0.42,0.646,0.681,0.393
0.872,0.804,0.521,0.618,0.735,0.81,0.537,0.634,0.33,0.694,0.804,0.574,0.875,0.806,0.826,0.842,0.581,0.624,0.878,0.875,0.714,0.547,0.674,1,0.718,0.502,0.709,0.582,0.365,0.492,0.782,0.452,0.446,0.608,0.639,0.544,0.621,0.596,0.688,0.312,0.461,0.327,0.568,0.318,0.68,0.491,0.495,0.868,0.333,0.674,0.634,0.698,0.515,0.699,0.662,0.707,0.64,0.368,0.767,0.614,0.565,0.561,0.731,0.681,0.83,0.644,0.558,0.616,0.747,0.529,0.698,0.31,0.599,0.318,0.569,0.87,0.537,0.693,0.761,0.718,0.662,0.554,0.654,0.519,0.558,0.841,0.642,0.502,0.736,0.708,0.479,0.508,0.678,0.514,0.659,0.74,0.827,0.664,0.741,0.515,0.793,0.673,0.875,1,0.805,0.646,0.666,0.733,0.774,0.479,0.74,0.817,0.663,0.878,0.8,0.618,0.469,0.819,0.716,0.693,0.875,0.828,0.778,0.735,0.436,0.724,0.755,0.684,0.66,0.383,0.653,0.546,0.757,0.71,0.34,1,0.491,0.22,0.318,0.665,0.485,0.742,0.716,0.594,0.647,0.708,0.626,0.504,0.704,0.572,0.716,0.724,0.841,0.549,0.685,0.669,0.719,0.777,0.797,0.586,0.841,0.81,0.53,0.565,0.574,0.639,0.664,0.636,0.819,0.875,0.237,0.774,0.699,0.782,0.816,0.489,0.386,0.875,0.548,0.552,0.662,0.61,0.618,0.799,0.875,0.716,0.799,0.713,0.69,1,0.524,0.799,0.804,0.762,0.839,0.529,0.875,0.812,0.273,0.875,0.775,0.596,0.863,0.586,0.825,1,0.888,0.762,0.763,0.708,0.819,0.676,0.618,1,0.608,0.875,0.718,0.816,0.694,0.773,0.773,0.795,0.277,0.711,0,0.834,0.806,0.586,0.636
0.74,0.698,0.593,0.552,0.71,0.758,0.583,0.702,1,0.701,0.674,0.63,0.731,0.723,0.762,0.746,0.696,0.616,0.705,0.731,0.701,0.504,0.586,0.718,1,0.671,0.7,0.739,0.529,0.661,0.756,0.643,0.57,0.777,0.682,0.644,0.689,0.597,0.709,0.479,0.627,0.49,0.677,0.48,0.734,0.622,0.604,0.762,0.479,0.698,0.737,0.708,0.487,0.793,0.771,0.772,0.747,0.544,0.706,0.718,0.581,0.575,0.698,0.686,0.731,0.697,0.6,0.672,0.773,0.662,0.743,0.48,0.786,0.48,0.683,0.74,0.643,0.803,0.752,0.717,0.732,0.601,0.683,0.564,0.6,1,0.706,0.595,0.77,0.718,0.549,0.631,0.693,0.607,0.76,0.786,0.786,0.702,0.755,0.603,0.714,0.652,0.731,1,0.586,0.777,0.837,0.763,0.671,0.549,0.805,0.727,0.693,0.705,0.773,0.552,0.561,0.692,0.704,0.756,0.731,0.806,0.745,0.802,0.579,0.738,0.758,0.704,0.751,0.63,0.689,0.789,0.76,0.697,0.548,1,0.574,0.349,0.467,0.768,0.604,0.729,0.714,0.633,0.704,0.69,0.518,0.61,0.81,0.777,0.718,0.738,1,0.643,0.711,0.732,0.761,0.79,0.786,0.618,1,0.73,0.775,0.607,0.806,0.521,0.62,0.784,0.692,0.731,0.426,0.733,0.78,0.707,0.709,0.555,0.648,0.731,0.717,0.611,0.824,0.609,0.552,0.644,0.731,0.593,0.644,0.719,0.679,1,0.655,0.644,0.674,0.639,0.787,0.604,0.731,0.688,0.358,0.731,0.637,0.577,0.733,0.618,0.723,1,0.726,0.639,0.776,0.69,0.702,0.712,0.552,1,0.662,0.731,0.633,0.663,0.613,0.707,0.707,0.719,0.462,0.775,0,0.58,0.723,0.618,0.569
0.508,0.5,0.569,0.449,0.482,0.602,0.521,0.54,1,0.538,0.496,0.585,0.503,0.511,0.519,0.491,0.7,0.454,0.49,0.503,0.54,0.49,0.525,0.502,0.671,1,0.59,0.793,0.686,0.537,0.623,0.691,0.576,0.689,0.567,0.676,0.644,0.611,0.7,0.644,0.624,0.654,0.606,0.585,0.752,0.613,0.589,0.507,0.607,0.5,0.743,0.569,0.393,0.741,0.638,0.629,0.647,0.608,0.486,0.728,0.657,0.683,0.477,0.486,0.48,0.724,0.582,0.556,0.709,0.57,0.706,0.619,0.574,0.585,0.625,0.495,0.657,0.701,0.623,0.587,0.609,0.761,0.676,0.662,0.582,0.841,0.592,0.586,0.625,0.628,0.517,0.513,0.616,0.624,0.682,0.517,0.618,0.557,0.587,0.611,0.51,0.453,0.503,1,0.354,0.499,0.632,0.61,0.54,0.517,0.766,0.476,0.577,0.49,0.562,0.449,0.623,0.471,0.493,0.526,0.503,0.62,0.612,0.509,0.625,0.664,0.597,0.622,0.62,0.63,0.512,0.619,0.637,0.697,0.64,1,0.515,0.421,0.571,0.632,0.674,0.662,0.649,0.65,0.737,0.565,0.448,0.669,0.499,0.629,0.632,0.564,0.841,0.614,0.538,0.631,0.653,0.483,0.622,0.574,0.841,0.513,0.612,0.619,0.616,0.333,0.55,0.708,0.471,0.503,0.479,0.654,0.629,0.568,0.505,0.506,0.633,0.503,0.639,0.508,0.611,0.485,0.449,0.481,0.503,0.483,0.481,0.556,0.462,1,0.466,0.481,0.496,0.408,0.612,0.521,0.503,0.457,0.306,0.503,0.483,0.516,0.517,0.574,0.485,1,0.497,0.408,0.564,0.565,0.498,0.73,0.449,1,0.68,0.503,0.655,0.455,0.502,0.549,0.549,0.502,0.559,0.563,0,0.341,0.511,0.574,0.494
0.707,0.627,0.74,0.733,0.634,0.634,0.734,0.539,1,0.718,0.75,0.801,0.729,0.673,0.689,0.638,0.674,0.663,0.681,0.729,0.749,0.623,0.734,0.709,0.7,0.59,1,0.661,0.509,0.722,0.772,0.546,0.68,0.704,0.579,0.735,0.596,0.783,0.777,0.521,0.576,0.524,0.731,0.511,0.766,0.615,0.515,0.706,0.507,0.544,0.74,0.898,0.632,0.692,0.697,0.807,0.646,0.458,0.617,0.67,0.679,0.676,0.6,0.562,0.819,0.752,0.784,0.512,0.773,0.735,0.72,0.456,0.624,0.511,0.729,0.661,0.579,0.698,0.784,0.794,0.693,0.654,0.708,0.656,0.784,1,0.619,0.679,0.727,0.63,0.767,0.725,0.672,0.757,0.753,0.628,0.787,0.595,0.722,0.732,0.667,0.438,0.729,0.694,0.494,0.612,0.655,0.658,0.544,0.767,0.709,0.688,0.726,0.681,0.64,0.733,0.737,0.712,0.567,0.611,0.729,0.88,0.704,0.633,0.646,0.645,0.667,0.795,0.516,0.383,0.552,0.547,0.857,0.818,0.479,1,0.709,0.452,0.477,0.698,0.632,0.741,0.805,0.606,0.752,0.807,0.712,0.698,0.583,0.593,0.794,0.674,1,0.67,0.609,0.642,0.656,0.583,0.753,0.837,1,0.702,0.582,0.781,0.581,0.678,0.855,0.748,0.712,0.729,0.411,0.722,0.677,0.656,0.63,0.621,0.508,0.729,0.664,0.585,0.749,0.673,0.733,0.699,0.729,0.783,0.699,0.585,0.529,0.694,0.556,0.699,0.75,0.631,0.762,0.615,0.729,0.653,0.273,0.729,0.691,0.684,0.63,0.837,0.626,0.694,0.665,0.631,0.645,0.807,0.717,0.782,0.733,1,0.72,0.729,0.825,0.656,0.628,0.651,0.651,0.712,0.419,0.664,0,0.49,0.673,0.837,0.645
0.624,0.549,0.621,0.453,0.558,0.645,0.593,0.584,1,0.672,0.559,0.638,0.609,0.603,0.606,0.568,0.725,0.454,0.569,0.609,0.711,0.388,0.474,0.582,0.739,0.793,0.661,1,0.714,0.594,0.736,0.747,0.598,0.665,0.582,0.628,0.764,0.611,0.697,0.722,0.725,0.758,0.638,0.716,0.803,0.571,0.704,0.618,0.705,0.548,0.668,0.693,0.411,0.799,0.655,0.69,0.679,0.618,0.605,0.77,0.702,0.699,0.582,0.554,0.568,0.717,0.618,0.558,0.716,0.596,0.678,0.605,0.644,0.716,0.709,0.582,0.68,0.766,0.737,0.698,0.829,0.722,0.603,0.777,0.618,1,0.656,0.597,0.731,0.68,0.61,0.598,0.689,0.686,0.781,0.563,0.768,0.629,0.667,0.659,0.576,0.57,0.609,1,0.487,0.531,0.696,0.724,0.671,0.61,0.825,0.573,0.698,0.569,0.652,0.453,0.654,0.559,0.535,0.543,0.609,0.759,0.719,0.573,0.703,0.703,0.756,0.757,0.685,0.467,0.534,0.613,0.688,0.698,0.65,0.841,0.586,0.532,0.654,0.638,0.606,0.71,0.723,0.748,0.746,0.711,0.419,0.714,0.573,0.648,0.704,0.63,1,0.587,0.58,0.691,0.723,0.547,0.748,0.64,1,0.604,0.581,0.653,0.62,0.367,0.635,0.86,0.559,0.609,0.617,0.715,0.688,0.618,0.563,0.544,0.606,0.609,0.581,0.453,0.682,0.455,0.453,0.513,0.609,0.484,0.513,0.545,0.518,1,0.445,0.513,0.559,0.521,0.75,0.531,0.609,0.583,0.306,0.609,0.513,0.48,0.612,0.64,0.546,1,0.593,0.521,0.653,0.711,0.532,0.769,0.453,0.841,0.659,0.609,0.661,0.513,0.656,0.595,0.595,0.581,0.64,0.604,0,0.451,0.603,0.64,0.63
0.364,0.352,0.501,0.392,0.359,0.449,0.467,0.339,1,0.453,0.384,0.559,0.375,0.403,0.349,0.348,0.52,0.364,0.369,0.375,0.462,0.365,0.374,0.365,0.529,0.686,0.509,0.714,1,0.513,0.47,0.725,0.477,0.565,0.389,0.559,0.613,0.472,0.503,0.903,0.697,0.64,0.448,0.661,0.621,0.455,0.581,0.363,0.635,0.38,0.526,0.474,0.345,0.651,0.478,0.498,0.487,0.541,0.407,0.595,0.697,0.695,0.427,0.404,0.387,0.597,0.5,0.457,0.562,0.529,0.54,0.575,0.552,0.661,0.527,0.357,0.558,0.576,0.452,0.492,0.632,0.768,0.527,0.804,0.5,0.438,0.416,0.465,0.45,0.456,0.482,0.456,0.449,0.549,0.633,0.474,0.465,0.408,0.435,0.517,0.359,0.431,0.375,0.317,0.25,0.519,0.591,0.44,0.346,0.482,0.665,0.368,0.471,0.369,0.491,0.392,0.659,0.381,0.335,0.433,0.375,0.48,0.455,0.471,0.617,0.486,0.468,0.501,0.506,0.63,0.401,0.519,0.509,0.612,0.528,0.533,0.441,0.429,0.619,0.436,0.48,0.502,0.495,0.603,0.628,0.465,0.417,0.671,0.476,0.594,0.479,0.53,0.438,0.499,0.553,0.588,0.57,0.463,0.484,0.519,0.438,0.39,0.477,0.545,0.519,0.297,0.501,0.579,0.381,0.375,0.735,0.547,0.451,0.398,0.355,0.389,0.773,0.375,0.577,0.387,0.525,0.375,0.392,0.378,0.375,0.4,0.378,0.442,0.316,0.317,0.45,0.378,0.384,0.325,0.452,0.556,0.375,0.337,0.406,0.375,0.392,0.4,0.364,0.519,0.336,0.317,0.36,0.325,0.493,0.465,0.369,0.618,0.392,0.533,0.576,0.375,0.596,0.375,0.405,0.397,0.397,0.405,0.674,0.522,0,0.246,0.403,0.519,0.423
