"V1","V2","V3","V4","V5","V6","V7","V8","V9","V10","V11","V12","V13","V14","V15","V16","V17","V18","V19","V20","V21","V22","V23","V24","V25","V26","V27","V28","V29","V30","V31","V32","V33","V34","V35","V36","V37","V38","V39","V40","V41","V42","V43","V44","V45","V46","V47","V48","V49","V50","V51","V52","V53","V54","V55","V56","V57","V58","V59","V60","V61","V62","V63","V64","V65","V66","V67","V68","V69","V70","V71","V72","V73","V74","V75","V76","V77","V78","V79","V80","V81","V82","V83","V84","V85","V86","V87","V88","V89","V90","V91","V92","V93","V94","V95","V96","V97","V98","V99","V100","V101","V102","V103","V104","V105","V106","V107","V108","V109","V110","V111","V112","V113","V114","V115","V116","V117","V118","V119","V120","V121","V122","V123","V124","V125","V126","V127","V128","V129","V130","V131","V132","V133","V134","V135","V136","V137","V138","V139","V140","V141","V142","V143","V144","V145","V146","V147","V148","V149","V150","V151","V152","V153","V154","V155","V156","V157","V158","V159","V160","V161","V162","V163","V164","V165","V166","V167","V168","V169","V170","V171","V172","V173","V174","V175","V176","V177","V178","V179","V180","V181","V182","V183","V184","V185","V186","V187","V188","V189","V190","V191","V192","V193","V194","V195","V196","V197","V198","V199","V200","V201","V202","V203","V204","V205","V206","V207","V208","V209","V210","V211","V212","V213","V214","V215","V216","V217","V218","V219","V220","V221","V222","V223","V224","V225","V226","V227","V228","V229"
1,0.641,0.495,0.526,0.62,0.664,0.668,0.626,0.591,0.666,0.63,0.611,0.578,0.566,0.447,0.62,0.612,0.592,0.614,0.612,0.629,0.576,0.627,0.61,0.525,0.562,0.676,0.555,0.527,0.701,0.611,0.548,0.593,0.62,0.692,0.554,0.587,0.612,0.621,0.504,0.575,0.527,0.58,0.553,0.594,0.584,0.59,0.54,0.567,0.551,0.63,0.666,0.634,0.586,0.562,0.671,0.774,0.514,0.602,0.56,0.476,0.577,0.624,0.559,0.685,0.56,0.675,0.667,0.646,0.622,0.663,0.481,0.53,0.568,0.558,0.551,0.524,0.667,0.508,0.626,0.522,0.595,0.62,0.497,0.577,0.63,0.608,0.493,0.547,0.571,0.563,0.565,0.584,0.551,0.653,0.641,0.621,0.643,0.672,0.604,0.673,0.643,0.614,0.624,0.634,0.626,0.652,0.632,0.593,0.584,0.643,0.626,0.563,0.538,0.636,0.404,0.559,0.635,0.597,0.656,0.601,0.599,0.504,0.64,0.485,0.606,0.624,0.602,0.606,0.598,0.554,0.641,0.682,0.608,0.574,0.651,0.664,0.6,0.513,0.522,0.675,0.706,0.526,0.561,0.613,0.52,0.582,0.48,0.629,0.616,0.613,0.562,0.52,0.672,0.619,0.574,0.736,0.656,0.601,0.826,0.587,0.607,0.625,0.582,0.509,0.609,0.613,0.502,0.644,0.63,0.496,0.632,0.623,0.643,0.532,0.665,0.504,0.672,0.602,0.557,0.532,0.579,0.602,0.587,0.68,0.6,0.619,0.485,0.664,0.602,0.562,0.536,0.577,0.538,0.557,0.628,0.621,1,0.536,0.67,0.565,0.62,0.634,0.584,0.62,0.619,0.621,0.91,0.558,0.602,0.602,0.601,0.513,0.602,0.591,0.605,0.496,0.471,0.38,0.536,0.317,0.649,0.524,0.649,0.6,0.652,0.589,0.623,0.471
0.641,1,0.81,0.775,0.9,0.913,0.829,0.8,0.929,0.853,0.913,0.798,0.731,0.817,0.685,0.9,0.757,0.718,0.801,0.806,0.971,0.799,0.893,0.802,0.607,0.656,0.883,0.68,0.674,0.939,0.731,0.633,0.684,0.724,0.943,0.777,0.798,0.811,0.849,0.709,0.711,0.719,0.788,0.802,0.745,0.759,0.8,0.711,0.737,0.727,0.727,0.833,0.899,0.769,0.788,0.86,0.802,0.717,0.919,0.784,0.661,0.808,0.87,0.736,0.946,0.763,0.928,0.88,0.85,0.883,0.872,0.645,0.745,0.803,0.81,0.862,0.735,0.69,0.711,0.852,0.695,0.755,0.742,0.674,0.808,0.913,0.816,0.786,0.833,0.761,0.854,0.734,0.846,0.751,0.851,0.751,0.901,0.955,0.911,0.845,0.88,0.955,0.876,0.901,0.899,0.835,0.803,0.85,0.775,0.846,0.883,0.851,0.854,0.812,0.907,0.679,0.784,0.862,0.743,0.934,0.838,0.825,0.599,0.818,0.716,0.72,0.926,0.919,0.754,0.769,0.738,0.824,0.827,0.732,0.806,0.798,0.945,0.709,0.725,0.652,0.928,0.826,0.666,0.785,0.737,0.811,0.787,0.727,0.803,0.826,0.781,0.732,0.785,0.911,0.811,0.756,0.777,0.79,0.84,0.814,0.848,0.781,0.794,0.829,0.658,0.923,0.858,0.669,0.82,0.913,0.665,0.744,0.858,0.797,0.791,0.853,0.653,0.847,0.677,0.754,0.664,0.775,0.919,0.848,0.842,0.857,0.915,0.677,0.883,0.919,0.709,0.75,0.839,0.786,0.749,0.771,0.817,1,0.75,0.896,0.764,0.837,0.754,0.846,0.9,0.915,0.817,0.73,0.695,0.919,0.919,0.933,0.623,0.919,0.775,0.764,0.742,0.8,0.643,0.673,0.295,0.894,0.707,0.882,0.857,0.855,0.878,0.859,0.8
0.495,0.81,1,0.604,0.709,0.708,0.693,0.63,0.742,0.694,0.679,0.616,0.619,0.648,0.484,0.709,0.651,0.571,0.59,0.594,0.797,0.635,0.693,0.669,0.554,0.573,0.709,0.604,0.581,0.697,0.586,0.574,0.62,0.65,0.74,0.641,0.679,0.699,0.774,0.574,0.625,0.6,0.666,0.651,0.635,0.657,0.679,0.577,0.638,0.589,0.654,0.669,0.668,0.638,0.652,0.662,0.629,0.587,0.696,0.652,0.567,0.676,0.672,0.578,0.712,0.641,0.716,0.684,0.686,0.682,0.678,0.559,0.615,0.626,0.657,0.696,0.601,0.601,0.544,0.665,0.598,0.655,0.589,0.546,0.672,0.679,0.625,0.956,0.918,0.653,0.679,0.61,0.693,0.629,0.725,0.619,0.674,0.725,0.693,0.87,0.68,0.725,0.675,0.672,0.699,0.675,0.699,0.63,0.634,0.693,0.756,0.639,0.679,0.634,0.706,0.457,0.648,0.666,0.607,0.733,0.633,0.644,0.494,0.62,0.577,0.618,0.805,0.696,0.601,0.587,0.616,0.686,0.654,0.571,0.658,0.63,0.707,0.577,0.604,0.562,0.716,0.65,0.564,0.65,0.622,0.661,0.605,0.597,0.617,0.665,0.647,0.586,0.576,0.693,0.664,0.627,0.651,0.592,0.703,0.643,0.679,0.66,0.612,0.633,0.589,0.725,0.704,0.559,0.609,0.679,0.578,0.61,0.732,0.641,0.581,0.673,0.585,0.651,0.598,0.605,0.541,0.656,0.696,0.679,0.662,0.656,0.686,0.517,0.682,0.696,0.585,0.582,0.648,0.586,0.588,0.627,0.624,0.623,0.582,0.675,0.582,0.689,0.61,0.693,0.709,0.686,0.624,0.563,0.592,0.696,0.696,0.797,0.488,0.696,0.629,0.617,0.746,0.533,0.42,0.542,0.292,0.715,0.586,0.766,0.656,0.655,0.718,0.647,0.533
0.526,0.775,0.604,1,0.716,0.759,0.669,0.665,0.763,0.695,0.745,0.644,0.575,0.646,0.567,0.716,0.64,0.661,0.692,0.682,0.737,0.634,0.733,0.628,0.512,0.546,0.723,0.544,0.545,0.802,0.592,0.51,0.543,0.582,0.78,0.643,0.652,0.66,0.655,0.589,0.578,0.59,0.648,0.664,0.617,0.614,0.654,0.568,0.597,0.579,0.595,0.691,0.755,0.644,0.653,0.725,0.673,0.611,0.735,0.645,0.533,0.664,0.705,0.6,0.801,0.624,0.77,0.741,0.68,0.724,0.712,0.521,0.617,0.69,0.675,0.704,0.61,0.576,0.576,0.71,0.57,0.617,0.615,0.568,0.669,0.745,0.685,0.598,0.642,0.607,0.719,0.612,0.705,0.626,0.678,0.598,0.736,0.788,0.771,0.677,0.8,0.788,0.838,0.763,0.738,0.678,0.629,0.719,0.67,0.705,0.679,0.711,0.719,0.647,0.742,0.514,0.647,0.704,0.609,0.765,0.68,0.679,0.502,0.695,0.606,0.566,0.687,0.735,0.726,0.639,0.594,0.654,0.68,0.621,0.67,0.658,0.791,0.591,0.606,0.528,0.77,0.689,0.552,0.648,0.611,0.659,0.643,0.599,0.683,0.668,0.627,0.602,0.643,0.771,0.739,0.691,0.676,0.689,0.694,0.679,0.8,0.607,0.7,0.68,0.496,0.782,0.664,0.57,0.687,0.745,0.536,0.607,0.738,0.646,0.785,0.706,0.518,0.772,0.534,0.604,0.613,0.611,0.735,0.8,0.758,0.715,0.757,0.549,0.724,0.735,0.573,0.604,0.668,0.736,0.713,0.637,0.752,0.89,0.604,0.75,0.627,0.66,0.624,0.705,0.716,0.757,0.752,0.582,0.544,0.735,0.735,0.688,0.602,0.735,0.635,0.627,0.574,0.641,0.517,0.535,0.249,0.727,0.584,0.732,0.715,0.705,0.714,0.725,0.641
0.62,0.9,0.709,0.716,1,0.902,0.859,0.768,0.914,0.853,0.945,0.807,0.783,0.854,0.559,0.929,0.745,0.707,0.797,0.815,0.899,0.763,0.878,0.874,0.552,0.656,0.913,0.69,0.697,0.916,0.732,0.616,0.689,0.727,0.86,0.752,0.794,0.794,0.776,0.678,0.715,0.738,0.768,0.78,0.702,0.74,0.798,0.71,0.767,0.761,0.702,0.843,0.907,0.73,0.765,0.847,0.777,0.719,0.958,0.779,0.692,0.841,0.891,0.737,0.921,0.739,0.918,0.872,0.911,0.888,0.935,0.669,0.717,0.749,0.787,0.865,0.707,0.661,0.709,0.822,0.724,0.763,0.721,0.633,0.84,0.945,0.795,0.679,0.73,0.721,0.834,0.691,0.828,0.726,0.777,0.754,0.93,0.946,0.887,0.778,0.868,0.946,0.858,0.891,0.967,0.834,0.749,0.83,0.709,0.828,0.86,0.832,0.834,0.874,0.893,0.552,0.76,0.863,0.756,0.924,0.854,0.842,0.566,0.787,0.739,0.755,0.91,0.958,0.735,0.775,0.77,0.753,0.81,0.689,0.82,0.792,0.937,0.7,0.746,0.627,0.918,0.812,0.676,0.763,0.742,0.829,0.795,0.781,0.777,0.806,0.799,0.747,0.694,0.887,0.898,0.832,0.828,0.748,0.876,0.787,0.89,0.829,0.772,0.825,0.584,0.89,0.838,0.654,0.817,0.945,0.691,0.727,0.782,0.791,0.793,0.891,0.706,0.846,0.661,0.81,0.649,0.686,0.958,0.89,0.841,0.836,0.926,0.626,0.888,0.958,0.697,0.753,0.858,0.752,0.721,0.795,0.827,1,0.753,0.884,0.769,0.922,0.723,0.828,0.929,0.926,0.827,0.73,0.692,0.958,0.958,0.855,0.615,0.958,0.809,0.744,0.765,0.621,0.494,0.683,0.357,0.88,0.726,0.879,0.836,0.834,0.857,0.841,0.621
0.664,0.913,0.708,0.759,0.902,1,0.83,0.805,0.912,0.853,0.913,0.809,0.754,0.818,0.641,0.902,0.77,0.732,0.811,0.816,0.887,0.778,0.889,0.812,0.599,0.661,0.88,0.683,0.679,0.931,0.747,0.665,0.695,0.733,0.891,0.773,0.792,0.805,0.791,0.712,0.713,0.72,0.784,0.795,0.749,0.758,0.794,0.729,0.737,0.739,0.739,0.835,0.901,0.772,0.784,0.863,0.805,0.717,0.918,0.78,0.663,0.801,0.875,0.752,0.936,0.761,0.92,0.918,0.855,0.886,0.876,0.653,0.745,0.804,0.803,0.845,0.735,0.668,0.733,0.852,0.697,0.754,0.769,0.679,0.801,0.913,0.82,0.692,0.754,0.725,0.84,0.74,0.834,0.75,0.813,0.764,0.902,0.942,0.906,0.788,0.878,0.942,0.873,0.902,0.9,0.842,0.775,0.85,0.74,0.834,0.832,0.852,0.84,0.806,0.901,0.628,0.78,0.867,0.751,0.925,0.846,0.813,0.614,0.821,0.717,0.764,0.855,0.918,0.789,0.782,0.748,0.786,0.829,0.741,0.807,0.803,0.935,0.716,0.725,0.669,0.92,0.828,0.671,0.78,0.75,0.794,0.799,0.726,0.807,0.828,0.787,0.742,0.741,0.906,0.813,0.763,0.787,0.794,0.83,0.814,0.845,0.792,0.793,0.838,0.628,0.909,0.805,0.674,0.83,0.913,0.67,0.78,0.809,0.805,0.773,0.853,0.657,0.853,0.662,0.77,0.682,0.729,0.918,0.845,0.848,0.856,0.914,0.672,0.886,0.918,0.723,0.768,0.848,0.78,0.758,0.802,0.825,1,0.768,0.892,0.779,0.845,0.761,0.834,0.902,0.914,0.825,0.75,0.71,0.918,0.918,0.853,0.642,0.918,0.782,0.783,0.704,0.709,0.587,0.689,0.324,0.89,0.71,0.831,0.856,0.855,0.87,0.859,0.709
0.668,0.829,0.693,0.669,0.859,0.83,1,0.858,0.811,0.965,0.822,0.765,0.797,0.83,0.483,0.815,0.81,0.717,0.771,0.772,0.812,0.747,0.813,0.903,0.625,0.699,0.861,0.759,0.744,0.846,0.757,0.644,0.743,0.764,0.835,0.739,0.807,0.783,0.791,0.698,0.729,0.74,0.76,0.751,0.778,0.791,0.809,0.713,0.79,0.716,0.746,0.845,0.821,0.79,0.746,0.815,0.816,0.701,0.818,0.8,0.665,0.795,0.804,0.729,0.844,0.733,0.847,0.822,0.835,0.811,0.849,0.658,0.72,0.76,0.756,0.772,0.714,0.723,0.713,0.833,0.741,0.762,0.757,0.677,0.826,0.822,0.775,0.683,0.73,0.741,0.775,0.722,0.789,0.737,0.81,0.772,0.816,0.84,0.834,0.787,0.853,0.84,0.803,0.822,0.861,0.83,0.799,0.796,0.725,0.789,0.945,0.793,0.775,0.752,0.821,0.44,0.743,0.86,0.803,0.836,0.786,0.761,0.674,0.779,0.698,0.758,0.834,0.818,0.74,0.802,0.724,0.76,0.792,0.746,0.799,0.816,0.843,0.765,0.712,0.717,0.839,0.833,0.703,0.744,0.749,0.743,0.797,0.701,0.773,0.781,0.835,0.756,0.649,0.834,0.85,0.816,0.825,0.766,0.826,0.763,0.781,0.792,0.755,0.781,0.679,0.818,0.8,0.723,0.779,0.822,0.669,0.76,0.772,0.791,0.673,0.907,0.713,0.835,0.7,0.776,0.68,0.717,0.818,0.781,0.832,0.792,0.823,0.591,0.841,0.818,0.711,0.735,0.782,0.685,0.733,0.813,0.779,1,0.735,0.861,0.745,0.874,0.739,0.789,0.815,0.823,0.779,0.724,0.746,0.818,0.818,0.851,0.651,0.818,0.826,0.746,0.689,0.457,0.395,0.742,0.449,0.819,0.733,0.859,0.792,0.792,0.859,0.798,0.457
0.626,0.8,0.63,0.665,0.768,0.805,0.858,1,0.779,0.824,0.777,0.713,0.676,0.79,0.545,0.768,0.759,0.669,0.728,0.726,0.768,0.694,0.781,0.789,0.599,0.649,0.805,0.697,0.634,0.843,0.716,0.61,0.692,0.695,0.817,0.698,0.719,0.744,0.732,0.646,0.671,0.812,0.712,0.709,0.748,0.756,0.721,0.653,0.681,0.65,0.702,0.771,0.779,0.715,0.706,0.792,0.808,0.649,0.766,0.703,0.599,0.721,0.758,0.672,0.839,0.693,0.825,0.79,0.76,0.767,0.777,0.761,0.674,0.722,0.715,0.728,0.666,0.65,0.824,0.81,0.637,0.703,0.713,0.628,0.759,0.777,0.739,0.623,0.676,0.674,0.736,0.687,0.74,0.684,0.758,0.731,0.768,0.812,0.811,0.728,0.835,0.812,0.768,0.781,0.779,0.783,0.782,0.764,0.691,0.74,0.862,0.758,0.736,0.685,0.79,0.498,0.703,0.846,0.747,0.81,0.735,0.738,0.63,0.761,0.634,0.671,0.751,0.766,0.706,0.865,0.665,0.732,0.761,0.703,0.725,0.73,0.818,0.704,0.659,0.796,0.816,0.815,0.624,0.703,0.706,0.689,0.753,0.632,0.743,0.746,0.778,0.678,0.719,0.811,0.726,0.684,0.717,0.738,0.744,0.723,0.726,0.712,0.71,0.728,0.64,0.79,0.723,0.624,0.758,0.777,0.61,0.733,0.74,0.767,0.654,0.817,0.602,0.818,0.64,0.68,0.625,0.681,0.766,0.726,0.816,0.754,0.778,0.587,0.836,0.766,0.662,0.67,0.725,0.668,0.687,0.722,0.734,1,0.67,0.844,0.688,0.743,0.702,0.74,0.768,0.778,0.734,0.656,0.704,0.766,0.766,0.818,0.594,0.766,0.712,0.711,0.621,0.573,0.465,0.687,0.363,0.79,0.65,0.751,0.754,0.753,0.844,0.764,0.573
0.591,0.929,0.742,0.763,0.914,0.912,0.811,0.779,1,0.838,0.917,0.768,0.704,0.837,0.614,0.914,0.754,0.684,0.773,0.771,0.878,0.731,0.893,0.786,0.565,0.642,0.872,0.678,0.67,0.941,0.696,0.626,0.683,0.727,0.881,0.8,0.823,0.836,0.814,0.712,0.713,0.724,0.811,0.838,0.739,0.772,0.826,0.672,0.745,0.735,0.721,0.815,0.903,0.766,0.815,0.838,0.776,0.776,0.945,0.809,0.717,0.84,0.864,0.698,0.963,0.78,0.926,0.876,0.836,0.888,0.855,0.684,0.759,0.808,0.849,0.945,0.746,0.632,0.659,0.841,0.741,0.765,0.717,0.669,0.84,0.917,0.787,0.714,0.741,0.685,0.917,0.725,0.896,0.765,0.799,0.724,0.905,0.978,0.906,0.779,0.861,0.978,0.869,0.913,0.91,0.827,0.753,0.821,0.697,0.896,0.817,0.828,0.917,0.873,0.911,0.586,0.809,0.86,0.712,0.946,0.816,0.872,0.561,0.792,0.799,0.694,0.844,0.945,0.721,0.739,0.749,0.76,0.804,0.702,0.812,0.772,0.949,0.679,0.797,0.646,0.926,0.798,0.66,0.81,0.744,0.903,0.754,0.836,0.776,0.808,0.758,0.696,0.764,0.906,0.814,0.754,0.754,0.762,0.881,0.815,0.88,0.762,0.796,0.816,0.589,0.978,0.763,0.662,0.797,0.917,0.709,0.714,0.787,0.775,0.788,0.832,0.705,0.827,0.632,0.722,0.627,0.694,0.945,0.88,0.824,0.844,0.934,0.63,0.888,0.945,0.68,0.711,0.828,0.76,0.712,0.742,0.787,0.89,0.711,0.878,0.724,0.829,0.728,0.896,0.914,0.934,0.787,0.684,0.663,0.945,0.945,0.839,0.573,0.945,0.749,0.733,0.794,0.752,0.531,0.647,0.322,0.893,0.71,0.808,0.844,0.842,0.915,0.838,0.752
0.666,0.853,0.694,0.695,0.853,0.853,0.965,0.824,0.838,1,0.848,0.778,0.785,0.779,0.534,0.84,0.762,0.722,0.783,0.785,0.834,0.756,0.835,0.843,0.595,0.668,0.849,0.731,0.726,0.872,0.732,0.641,0.697,0.748,0.853,0.748,0.826,0.789,0.804,0.701,0.713,0.719,0.771,0.763,0.745,0.751,0.827,0.718,0.777,0.722,0.746,0.84,0.844,0.803,0.756,0.825,0.783,0.704,0.845,0.818,0.662,0.78,0.825,0.736,0.871,0.74,0.864,0.841,0.827,0.833,0.843,0.654,0.726,0.772,0.768,0.791,0.719,0.704,0.718,0.814,0.749,0.747,0.766,0.676,0.78,0.848,0.789,0.683,0.737,0.724,0.792,0.726,0.807,0.745,0.823,0.747,0.84,0.869,0.856,0.774,0.837,0.869,0.824,0.846,0.856,0.819,0.763,0.813,0.73,0.807,0.898,0.811,0.792,0.766,0.844,0.496,0.753,0.819,0.746,0.862,0.804,0.776,0.623,0.792,0.701,0.742,0.824,0.845,0.746,0.819,0.73,0.769,0.799,0.754,0.785,0.834,0.87,0.747,0.708,0.659,0.864,0.802,0.679,0.753,0.733,0.755,0.771,0.706,0.784,0.795,0.775,0.738,0.63,0.856,0.844,0.805,0.817,0.775,0.816,0.776,0.799,0.778,0.766,0.797,0.634,0.842,0.788,0.729,0.794,0.848,0.668,0.739,0.784,0.781,0.703,0.873,0.717,0.817,0.688,0.759,0.68,0.721,0.845,0.799,0.815,0.811,0.849,0.617,0.833,0.845,0.715,0.744,0.801,0.714,0.741,0.805,0.793,1,0.744,0.846,0.755,0.871,0.746,0.807,0.84,0.849,0.793,0.731,0.704,0.845,0.845,0.809,0.648,0.845,0.817,0.754,0.691,0.532,0.454,0.686,0.376,0.84,0.71,0.854,0.811,0.81,0.814,0.816,0.532
0.63,0.913,0.679,0.745,0.945,0.913,0.822,0.777,0.917,0.848,1,0.818,0.74,0.848,0.652,0.945,0.72,0.715,0.806,0.825,0.912,0.773,0.891,0.821,0.553,0.634,0.88,0.654,0.641,0.928,0.739,0.61,0.662,0.699,0.868,0.739,0.766,0.783,0.766,0.664,0.679,0.678,0.755,0.764,0.704,0.729,0.77,0.72,0.706,0.748,0.703,0.816,0.92,0.72,0.751,0.855,0.784,0.68,0.976,0.747,0.642,0.774,0.904,0.748,0.934,0.727,0.93,0.881,0.9,0.901,0.925,0.63,0.703,0.752,0.771,0.843,0.693,0.636,0.722,0.832,0.673,0.722,0.729,0.622,0.773,0.96,0.806,0.652,0.726,0.696,0.816,0.693,0.812,0.714,0.783,0.77,0.959,0.962,0.898,0.744,0.877,0.962,0.871,0.904,0.92,0.844,0.754,0.841,0.716,0.812,0.817,0.844,0.816,0.848,0.906,0.689,0.746,0.876,0.731,0.937,0.902,0.869,0.567,0.796,0.687,0.728,0.869,0.976,0.742,0.77,0.758,0.76,0.819,0.696,0.77,0.787,0.95,0.697,0.701,0.619,0.93,0.819,0.627,0.749,0.698,0.787,0.806,0.719,0.784,0.816,0.769,0.714,0.756,0.898,0.831,0.766,0.789,0.755,0.809,0.789,0.884,0.796,0.767,0.838,0.585,0.893,0.805,0.628,0.829,1,0.652,0.733,0.79,0.821,0.817,0.848,0.646,0.856,0.644,0.769,0.656,0.693,0.976,0.884,0.85,0.849,0.942,0.669,0.901,0.976,0.705,0.766,0.873,0.791,0.731,0.761,0.837,1,0.766,0.894,0.781,0.863,0.73,0.812,0.945,0.942,0.837,0.743,0.7,0.976,0.976,0.868,0.622,0.976,0.762,0.772,0.707,0.778,0.645,0.679,0.305,0.892,0.667,0.836,0.849,0.847,0.86,0.853,0.778
0.611,0.798,0.616,0.644,0.807,0.809,0.765,0.713,0.768,0.778,0.818,1,0.686,0.734,0.534,0.807,0.683,0.703,0.737,0.747,0.797,0.704,0.78,0.743,0.547,0.637,0.814,0.623,0.606,0.821,0.694,0.592,0.748,0.786,0.8,0.669,0.698,0.733,0.713,0.61,0.646,0.627,0.689,0.682,0.678,0.678,0.701,0.66,0.658,0.697,0.783,0.755,0.803,0.674,0.68,0.798,0.742,0.622,0.809,0.676,0.587,0.698,0.791,0.683,0.814,0.666,0.84,0.8,0.786,0.788,0.807,0.582,0.641,0.713,0.687,0.715,0.633,0.652,0.649,0.752,0.622,0.678,0.707,0.584,0.697,0.818,0.731,0.601,0.665,0.656,0.71,0.65,0.719,0.656,0.778,0.76,0.807,0.82,0.806,0.694,0.796,0.82,0.765,0.79,0.803,0.762,0.72,0.759,0.675,0.719,0.752,0.776,0.71,0.718,0.792,0.521,0.676,0.769,0.686,0.816,0.762,0.713,0.577,0.729,0.613,0.706,0.774,0.809,0.695,0.701,0.685,0.717,0.852,0.702,0.694,0.732,0.826,0.667,0.653,0.59,0.823,0.846,0.778,0.678,0.674,0.674,0.724,0.625,0.728,0.739,0.741,0.693,0.646,0.806,0.751,0.698,0.735,0.717,0.726,0.709,0.761,0.729,0.707,0.739,0.614,0.768,0.737,0.589,0.764,0.818,0.6,0.696,0.729,0.751,0.686,0.778,0.6,0.779,0.654,0.694,0.652,0.68,0.809,0.761,0.779,0.748,0.804,0.589,0.788,0.809,0.66,0.683,0.753,0.68,0.669,0.715,0.756,1,0.683,0.803,0.703,0.769,0.695,0.719,0.807,0.804,0.756,0.685,0.656,0.809,0.809,0.762,0.623,0.809,0.7,0.701,0.629,0.576,0.483,0.658,0.382,0.792,0.647,0.768,0.748,0.76,0.743,0.761,0.576
0.578,0.731,0.619,0.575,0.783,0.754,0.797,0.676,0.704,0.785,0.74,0.686,1,0.69,0.526,0.731,0.696,0.649,0.806,0.818,0.73,0.785,0.718,0.788,0.594,0.636,0.84,0.648,0.679,0.754,0.662,0.684,0.655,0.689,0.752,0.653,0.737,0.702,0.693,0.607,0.667,0.661,0.67,0.661,0.656,0.663,0.74,0.759,0.727,0.65,0.67,0.799,0.735,0.702,0.661,0.744,0.698,0.632,0.726,0.723,0.61,0.718,0.725,0.769,0.743,0.652,0.764,0.753,0.802,0.724,0.788,0.601,0.631,0.651,0.665,0.679,0.625,0.729,0.757,0.704,0.692,0.696,0.65,0.587,0.717,0.74,0.806,0.608,0.645,0.666,0.679,0.633,0.688,0.762,0.706,0.68,0.732,0.741,0.747,0.703,0.743,0.741,0.713,0.725,0.781,0.712,0.705,0.71,0.657,0.688,0.79,0.702,0.679,0.684,0.727,0.337,0.658,0.709,0.783,0.744,0.704,0.683,0.709,0.689,0.627,0.704,0.761,0.726,0.689,0.725,0.791,0.685,0.712,0.631,0.705,0.751,0.752,0.758,0.651,0.592,0.755,0.73,0.731,0.659,0.677,0.661,0.806,0.637,0.693,0.755,0.766,0.783,0.495,0.747,0.804,0.762,0.772,0.681,0.739,0.665,0.71,0.727,0.665,0.687,0.56,0.71,0.733,0.648,0.693,0.74,0.615,0.711,0.697,0.708,0.597,0.811,0.68,0.729,0.709,0.827,0.701,0.723,0.726,0.71,0.733,0.831,0.73,0.626,0.724,0.726,0.735,0.783,0.692,0.591,0.758,0.846,0.826,1,0.783,0.745,0.79,0.811,0.665,0.688,0.731,0.73,0.826,0.632,0.756,0.726,0.726,0.704,0.674,0.726,0.861,0.793,0.642,0.342,0.464,0.699,0.551,0.731,0.654,0.803,0.831,0.692,0.692,0.835,0.342
0.566,0.817,0.648,0.646,0.854,0.818,0.83,0.79,0.837,0.779,0.848,0.734,0.69,1,0.5,0.854,0.73,0.651,0.704,0.722,0.809,0.693,0.801,0.855,0.561,0.62,0.816,0.649,0.61,0.821,0.72,0.591,0.684,0.68,0.776,0.69,0.724,0.756,0.73,0.617,0.648,0.636,0.712,0.711,0.715,0.772,0.728,0.659,0.671,0.696,0.68,0.744,0.81,0.664,0.703,0.774,0.774,0.648,0.867,0.7,0.635,0.726,0.807,0.672,0.831,0.684,0.85,0.796,0.799,0.81,0.809,0.621,0.654,0.679,0.716,0.786,0.647,0.602,0.644,0.816,0.655,0.686,0.662,0.576,0.782,0.848,0.721,0.618,0.652,0.644,0.751,0.643,0.756,0.671,0.726,0.753,0.832,0.857,0.803,0.681,0.847,0.857,0.781,0.799,0.829,0.824,0.766,0.743,0.65,0.756,0.833,0.749,0.751,0.777,0.816,0.488,0.698,0.906,0.738,0.847,0.771,0.744,0.594,0.748,0.66,0.682,0.795,0.867,0.674,0.683,0.713,0.697,0.755,0.628,0.709,0.711,0.842,0.667,0.695,0.672,0.835,0.806,0.592,0.702,0.658,0.746,0.794,0.704,0.733,0.746,0.79,0.651,0.744,0.803,0.769,0.714,0.733,0.671,0.76,0.713,0.811,0.742,0.689,0.746,0.614,0.811,0.72,0.591,0.733,0.848,0.643,0.712,0.729,0.765,0.698,0.819,0.648,0.824,0.608,0.701,0.603,0.637,0.867,0.811,0.821,0.759,0.835,0.57,0.87,0.867,0.652,0.688,0.782,0.678,0.661,0.697,0.749,0.881,0.688,0.86,0.696,0.795,0.67,0.756,0.854,0.835,0.749,0.665,0.725,0.867,0.867,0.906,0.56,0.867,0.699,0.689,0.708,0.551,0.437,0.793,0.406,0.813,0.626,0.77,0.759,0.757,0.936,0.758,0.551
0.447,0.685,0.484,0.567,0.559,0.641,0.483,0.545,0.614,0.534,0.652,0.534,0.526,0.5,1,0.559,0.449,0.491,0.786,0.789,0.656,0.704,0.614,0.434,0.452,0.363,0.57,0.342,0.375,0.729,0.471,0.426,0.317,0.356,0.706,0.5,0.46,0.452,0.451,0.572,0.379,0.436,0.483,0.519,0.438,0.417,0.462,0.67,0.41,0.433,0.367,0.622,0.671,0.483,0.511,0.626,0.564,0.469,0.614,0.48,0.374,0.488,0.581,0.813,0.711,0.455,0.656,0.612,0.514,0.594,0.585,0.344,0.496,0.588,0.534,0.557,0.492,0.503,0.689,0.603,0.387,0.415,0.493,0.451,0.502,0.652,0.773,0.491,0.568,0.458,0.593,0.621,0.547,0.634,0.515,0.435,0.639,0.685,0.674,0.56,0.621,0.685,0.642,0.673,0.6,0.511,0.444,0.661,0.551,0.547,0.514,0.637,0.593,0.52,0.617,0.686,0.49,0.579,0.709,0.628,0.782,0.57,0.626,0.625,0.478,0.386,0.53,0.614,0.537,0.544,0.605,0.527,0.558,0.531,0.523,0.542,0.709,0.557,0.447,0.357,0.656,0.574,0.559,0.497,0.445,0.514,0.723,0.449,0.603,0.53,0.46,0.781,0.608,0.674,0.478,0.424,0.434,0.627,0.512,0.569,0.513,0.406,0.582,0.687,0.408,0.654,0.578,0.415,0.613,0.652,0.355,0.471,0.528,0.496,0.566,0.58,0.309,0.593,0.454,0.825,0.673,0.612,0.614,0.513,0.563,0.828,0.654,0.809,0.594,0.614,0.548,0.9,0.551,0.685,0.857,0.715,0.743,1,0.9,0.667,0.898,0.471,0.503,0.547,0.559,0.654,0.743,0.482,0.613,0.614,0.614,0.563,0.681,0.614,0.79,0.744,0.387,0.685,0.84,0.547,0.347,0.573,0.449,0.502,0.828,0.61,0.546,0.834,0.685
0.62,0.9,0.709,0.716,0.929,0.902,0.815,0.768,0.914,0.84,0.945,0.807,0.731,0.854,0.559,1,0.719,0.707,0.797,0.815,0.899,0.763,0.878,0.811,0.552,0.636,0.871,0.661,0.65,0.916,0.732,0.616,0.668,0.705,0.86,0.752,0.779,0.794,0.776,0.678,0.687,0.691,0.768,0.78,0.702,0.74,0.782,0.71,0.716,0.761,0.702,0.808,0.907,0.719,0.765,0.847,0.777,0.719,0.958,0.761,0.692,0.788,0.891,0.737,0.921,0.739,0.918,0.872,0.864,0.888,0.888,0.669,0.717,0.749,0.787,0.865,0.707,0.631,0.709,0.822,0.708,0.73,0.721,0.633,0.787,0.945,0.795,0.679,0.73,0.689,0.834,0.691,0.828,0.726,0.777,0.754,0.93,0.946,0.887,0.743,0.868,0.946,0.858,0.891,0.907,0.834,0.772,0.83,0.709,0.828,0.809,0.832,0.834,0.874,0.893,0.552,0.76,0.863,0.723,0.924,0.854,0.842,0.566,0.787,0.739,0.72,0.857,0.958,0.735,0.759,0.77,0.753,0.81,0.689,0.767,0.778,0.937,0.692,0.746,0.627,0.918,0.812,0.638,0.763,0.707,0.829,0.795,0.781,0.777,0.806,0.761,0.705,0.694,0.887,0.835,0.77,0.781,0.748,0.823,0.787,0.89,0.787,0.772,0.825,0.584,0.89,0.796,0.64,0.817,0.945,0.744,0.727,0.782,0.791,0.793,0.839,0.69,0.846,0.641,0.757,0.649,0.686,0.958,0.89,0.88,0.836,0.926,0.626,0.888,0.958,0.697,0.753,0.858,0.752,0.721,0.754,0.827,1,0.753,0.884,0.769,0.851,0.723,0.828,1,0.926,0.827,0.73,0.692,0.958,0.958,0.855,0.615,0.958,0.753,0.744,0.765,0.621,0.494,0.683,0.357,0.88,0.679,0.827,0.836,0.834,0.857,0.841,0.621
0.612,0.757,0.651,0.64,0.745,0.77,0.81,0.759,0.754,0.762,0.72,0.683,0.696,0.73,0.449,0.719,1,0.671,0.733,0.694,0.718,0.677,0.745,0.77,0.681,0.697,0.785,0.747,0.71,0.772,0.711,0.67,0.8,0.785,0.775,0.764,0.757,0.813,0.805,0.704,0.729,0.73,0.795,0.747,0.785,0.831,0.759,0.652,0.755,0.642,0.825,0.759,0.726,0.736,0.771,0.758,0.76,0.684,0.714,0.748,0.644,0.775,0.712,0.663,0.77,0.802,0.773,0.758,0.739,0.721,0.747,0.644,0.72,0.741,0.829,0.76,0.717,0.671,0.645,0.769,0.68,0.758,0.671,0.687,0.819,0.72,0.72,0.645,0.663,0.7,0.785,0.725,0.823,0.78,0.802,0.702,0.716,0.762,0.766,0.749,0.782,0.762,0.755,0.792,0.794,0.771,0.758,0.73,0.698,0.823,0.804,0.728,0.785,0.661,0.751,0.37,0.815,0.761,0.748,0.764,0.696,0.688,0.659,0.722,0.677,0.718,0.737,0.714,0.723,0.683,0.658,0.73,0.733,0.683,0.748,0.72,0.765,0.702,0.691,0.765,0.766,0.771,0.718,0.741,0.763,0.758,0.715,0.677,0.72,0.725,0.77,0.704,0.589,0.766,0.722,0.697,0.718,0.745,0.845,0.718,0.69,0.711,0.753,0.744,0.659,0.762,0.711,0.704,0.695,0.72,0.654,0.735,0.737,0.718,0.585,0.799,0.645,0.748,0.657,0.694,0.646,0.684,0.714,0.69,0.75,0.732,0.768,0.533,0.746,0.714,0.659,0.663,0.692,0.645,0.705,0.741,0.7,0.89,0.663,0.784,0.671,0.739,0.71,0.823,0.719,0.768,0.7,0.649,0.689,0.714,0.714,0.754,0.621,0.714,0.735,0.734,0.638,0.4,0.345,0.67,0.44,0.753,0.725,0.75,0.732,0.727,0.796,0.737,0.4
0.592,0.718,0.571,0.661,0.707,0.732,0.717,0.669,0.684,0.722,0.715,0.703,0.649,0.651,0.491,0.707,0.671,1,0.685,0.689,0.708,0.657,0.706,0.681,0.598,0.639,0.745,0.608,0.591,0.74,0.655,0.593,0.636,0.716,0.742,0.623,0.648,0.677,0.668,0.587,0.623,0.595,0.641,0.628,0.654,0.638,0.65,0.625,0.623,0.623,0.691,0.707,0.748,0.644,0.631,0.737,0.699,0.575,0.7,0.628,0.544,0.644,0.704,0.642,0.729,0.624,0.754,0.727,0.712,0.79,0.727,0.546,0.603,0.659,0.632,0.64,0.598,0.632,0.612,0.695,0.578,0.642,0.66,0.568,0.643,0.715,0.685,0.564,0.617,0.657,0.643,0.625,0.654,0.622,0.7,0.693,0.708,0.726,0.757,0.66,0.732,0.726,0.799,0.704,0.712,0.771,0.759,0.704,0.715,0.654,0.702,0.733,0.643,0.627,0.714,0.443,0.628,0.689,0.659,0.731,0.684,0.637,0.571,0.682,0.561,0.662,0.698,0.7,0.774,0.65,0.63,0.734,0.76,0.662,0.656,0.684,0.738,0.649,0.592,0.574,0.741,0.769,0.604,0.629,0.635,0.606,0.668,0.564,0.743,0.686,0.69,0.656,0.56,0.819,0.68,0.641,0.686,0.733,0.664,0.659,0.669,0.674,0.651,0.668,0.591,0.691,0.68,0.595,0.716,0.715,0.564,0.668,0.764,0.694,0.594,0.721,0.602,0.711,0.642,0.647,0.759,0.704,0.7,0.669,0.716,0.69,0.706,0.639,0.702,0.7,0.699,0.636,0.671,0.604,0.73,0.684,0.696,1,0.636,0.733,0.653,0.694,0.661,0.654,0.707,0.706,0.696,0.634,0.628,0.7,0.7,0.684,0.695,0.7,0.665,0.669,0.567,0.475,0.431,0.605,0.37,0.719,0.606,0.707,0.69,0.692,0.675,0.703,0.475
0.614,0.801,0.59,0.692,0.797,0.811,0.771,0.728,0.773,0.783,0.806,0.737,0.806,0.704,0.786,0.797,0.733,0.685,1,0.955,0.79,0.84,0.787,0.746,0.627,0.647,0.802,0.654,0.644,0.82,0.698,0.709,0.662,0.693,0.802,0.713,0.731,0.749,0.741,0.661,0.681,0.67,0.727,0.724,0.714,0.712,0.734,0.803,0.692,0.641,0.71,0.763,0.795,0.718,0.722,0.789,0.742,0.627,0.798,0.715,0.557,0.733,0.785,0.822,0.815,0.707,0.822,0.794,0.782,0.783,0.799,0.567,0.685,0.741,0.732,0.741,0.68,0.703,0.819,0.762,0.614,0.715,0.688,0.643,0.736,0.806,0.872,0.579,0.653,0.675,0.755,0.701,0.758,0.826,0.775,0.712,0.797,0.819,0.808,0.706,0.799,0.819,0.782,0.845,0.836,0.761,0.728,0.768,0.696,0.758,0.761,0.764,0.755,0.659,0.797,0.633,0.719,0.767,0.799,0.816,0.761,0.668,0.749,0.742,0.605,0.69,0.771,0.798,0.72,0.71,0.795,0.726,0.758,0.674,0.725,0.735,0.825,0.756,0.621,0.628,0.822,0.769,0.747,0.717,0.689,0.671,0.867,0.596,0.74,0.751,0.726,0.801,0.687,0.808,0.725,0.68,0.736,0.752,0.76,0.718,0.725,0.733,0.737,0.771,0.587,0.773,0.74,0.636,0.744,0.806,0.582,0.706,0.746,0.74,0.681,0.783,0.562,0.776,0.667,0.842,0.74,0.765,0.798,0.725,0.776,0.911,0.841,0.768,0.783,0.798,0.776,0.847,0.754,0.753,0.82,0.818,0.884,1,0.847,0.805,0.85,0.767,0.72,0.758,0.797,0.841,0.884,0.682,0.772,0.798,0.798,0.762,0.709,0.798,0.835,0.819,0.559,0.687,0.798,0.711,0.425,0.796,0.664,0.766,0.911,0.759,0.753,0.908,0.687
0.612,0.806,0.594,0.682,0.815,0.816,0.772,0.726,0.771,0.785,0.825,0.747,0.818,0.722,0.789,0.815,0.694,0.689,0.955,1,0.805,0.857,0.79,0.755,0.604,0.615,0.805,0.618,0.601,0.826,0.702,0.683,0.633,0.664,0.805,0.657,0.685,0.704,0.701,0.603,0.639,0.619,0.677,0.667,0.674,0.667,0.687,0.817,0.65,0.655,0.685,0.764,0.811,0.682,0.666,0.791,0.741,0.581,0.818,0.664,0.537,0.683,0.799,0.838,0.821,0.655,0.828,0.806,0.794,0.797,0.813,0.545,0.631,0.69,0.672,0.692,0.624,0.7,0.837,0.763,0.585,0.669,0.692,0.58,0.682,0.825,0.881,0.582,0.662,0.67,0.69,0.659,0.7,0.784,0.745,0.718,0.815,0.826,0.812,0.701,0.803,0.826,0.785,0.799,0.81,0.772,0.727,0.769,0.692,0.7,0.761,0.787,0.69,0.682,0.801,0.633,0.663,0.78,0.801,0.822,0.774,0.681,0.746,0.741,0.564,0.693,0.783,0.818,0.716,0.716,0.821,0.724,0.758,0.668,0.704,0.734,0.832,0.756,0.587,0.587,0.828,0.77,0.706,0.665,0.646,0.632,0.888,0.569,0.739,0.751,0.723,0.805,0.677,0.812,0.741,0.691,0.742,0.719,0.708,0.711,0.745,0.741,0.686,0.753,0.575,0.771,0.748,0.585,0.776,0.825,0.561,0.703,0.746,0.747,0.696,0.785,0.552,0.786,0.664,0.861,0.747,0.766,0.818,0.745,0.786,0.926,0.813,0.779,0.797,0.818,0.785,0.869,0.767,0.718,0.825,0.822,0.905,1,0.869,0.81,0.87,0.779,0.695,0.7,0.815,0.813,0.905,0.687,0.781,0.818,0.818,0.774,0.713,0.818,0.842,0.823,0.573,0.678,0.818,0.726,0.445,0.8,0.611,0.776,0.926,0.76,0.749,0.922,0.678
0.629,0.971,0.797,0.737,0.899,0.887,0.812,0.768,0.878,0.834,0.912,0.797,0.73,0.809,0.656,0.899,0.718,0.708,0.79,0.805,1,0.798,0.865,0.801,0.588,0.633,0.862,0.652,0.64,0.927,0.749,0.611,0.66,0.695,0.907,0.726,0.752,0.769,0.813,0.659,0.676,0.673,0.742,0.746,0.702,0.721,0.755,0.71,0.699,0.72,0.702,0.806,0.883,0.717,0.737,0.866,0.777,0.655,0.917,0.734,0.619,0.757,0.869,0.735,0.903,0.717,0.929,0.857,0.849,0.866,0.871,0.611,0.694,0.744,0.753,0.807,0.685,0.673,0.709,0.817,0.652,0.715,0.72,0.622,0.756,0.912,0.817,0.774,0.828,0.745,0.788,0.692,0.788,0.705,0.821,0.751,0.899,0.922,0.876,0.821,0.859,0.922,0.847,0.869,0.883,0.822,0.785,0.827,0.76,0.788,0.864,0.826,0.788,0.797,0.878,0.678,0.733,0.844,0.727,0.905,0.837,0.785,0.576,0.786,0.654,0.72,0.925,0.917,0.738,0.755,0.732,0.801,0.828,0.695,0.76,0.778,0.946,0.697,0.671,0.619,0.929,0.832,0.627,0.735,0.692,0.752,0.786,0.675,0.777,0.803,0.762,0.711,0.747,0.876,0.806,0.747,0.776,0.75,0.788,0.776,0.84,0.78,0.751,0.812,0.638,0.863,0.879,0.628,0.806,0.912,0.63,0.745,0.839,0.785,0.783,0.834,0.622,0.835,0.67,0.753,0.654,0.752,0.917,0.84,0.831,0.828,0.896,0.664,0.866,0.917,0.699,0.748,0.837,0.77,0.726,0.756,0.816,1,0.748,0.897,0.763,0.836,0.727,0.788,0.899,0.896,0.816,0.728,0.694,0.917,0.917,0.932,0.622,0.917,0.755,0.746,0.721,0.762,0.641,0.667,0.294,0.868,0.663,0.881,0.828,0.827,0.835,0.834,0.762
0.576,0.799,0.635,0.634,0.763,0.778,0.747,0.694,0.731,0.756,0.773,0.704,0.785,0.693,0.704,0.763,0.677,0.657,0.84,0.857,0.798,1,0.749,0.716,0.606,0.606,0.774,0.611,0.593,0.789,0.671,0.678,0.628,0.666,0.8,0.646,0.674,0.694,0.719,0.591,0.632,0.609,0.666,0.654,0.656,0.659,0.677,0.778,0.641,0.635,0.671,0.736,0.764,0.66,0.655,0.762,0.716,0.592,0.76,0.652,0.556,0.671,0.753,0.798,0.78,0.645,0.791,0.77,0.755,0.75,0.774,0.556,0.62,0.661,0.659,0.676,0.613,0.697,0.79,0.729,0.594,0.661,0.658,0.571,0.671,0.773,0.847,0.619,0.677,0.665,0.677,0.638,0.688,0.773,0.741,0.684,0.763,0.781,0.778,0.702,0.771,0.781,0.744,0.752,0.763,0.733,0.724,0.735,0.688,0.688,0.756,0.728,0.677,0.669,0.76,0.517,0.652,0.733,0.829,0.782,0.727,0.674,0.725,0.709,0.577,0.662,0.776,0.76,0.687,0.677,0.803,0.77,0.727,0.641,0.674,0.702,0.791,0.737,0.598,0.58,0.791,0.744,0.697,0.653,0.638,0.635,0.867,0.583,0.711,0.731,0.694,0.774,0.609,0.778,0.719,0.67,0.711,0.695,0.697,0.678,0.717,0.704,0.667,0.707,0.591,0.735,0.742,0.576,0.711,0.773,0.572,0.681,0.741,0.714,0.65,0.756,0.571,0.75,0.694,0.819,0.715,0.78,0.76,0.717,0.753,0.886,0.761,0.754,0.75,0.76,0.817,0.822,0.715,0.656,0.791,0.798,0.866,1,0.822,0.776,0.827,0.736,0.668,0.688,0.763,0.761,0.866,0.64,0.75,0.76,0.76,0.767,0.684,0.76,0.81,0.796,0.605,0.564,0.698,0.702,0.477,0.763,0.601,0.77,0.886,0.719,0.713,0.907,0.564
0.627,0.893,0.693,0.733,0.878,0.889,0.813,0.781,0.893,0.835,0.891,0.78,0.718,0.801,0.614,0.878,0.745,0.706,0.787,0.79,0.865,0.749,1,0.787,0.573,0.66,0.863,0.67,0.662,0.915,0.719,0.625,0.677,0.716,0.878,0.76,0.782,0.796,0.783,0.691,0.701,0.703,0.773,0.782,0.731,0.746,0.784,0.695,0.724,0.719,0.728,0.816,0.88,0.752,0.771,0.842,0.786,0.718,0.893,0.767,0.662,0.79,0.851,0.72,0.919,0.747,0.904,0.866,0.834,0.863,0.856,0.673,0.728,0.779,0.791,0.836,0.717,0.648,0.691,0.83,0.696,0.761,0.729,0.66,0.79,0.891,0.795,0.676,0.735,0.7,0.832,0.718,0.826,0.735,0.797,0.738,0.878,0.924,0.914,0.769,0.86,0.924,0.849,0.882,0.879,0.819,0.76,0.828,0.718,0.826,0.812,0.827,0.832,0.799,0.88,0.591,0.767,0.842,0.728,0.907,0.818,0.809,0.583,0.798,0.717,0.708,0.831,0.893,0.739,0.753,0.732,0.768,0.808,0.716,0.782,0.779,0.918,0.71,0.726,0.642,0.904,0.81,0.653,0.767,0.725,0.793,0.769,0.728,0.787,0.804,0.783,0.712,0.722,0.889,0.8,0.745,0.765,0.775,0.822,0.787,0.832,0.767,0.777,0.809,0.617,0.892,0.781,0.654,0.803,0.891,0.666,0.73,0.807,0.783,0.757,0.835,0.659,0.833,0.649,0.736,0.67,0.706,0.893,0.832,0.829,0.83,0.892,0.642,0.863,0.893,0.697,0.73,0.816,0.751,0.727,0.756,0.801,1,0.73,0.874,0.747,0.847,0.737,0.826,0.878,0.892,0.801,0.71,0.683,0.893,0.893,0.826,0.612,0.893,0.756,0.747,0.706,0.696,0.551,0.661,0.317,0.87,0.691,0.811,0.83,0.828,0.847,0.835,0.696
0.61,0.802,0.669,0.628,0.874,0.812,0.903,0.789,0.786,0.843,0.821,0.743,0.788,0.855,0.434,0.811,0.77,0.681,0.746,0.755,0.801,0.716,0.787,1,0.583,0.704,0.864,0.695,0.72,0.823,0.739,0.61,0.717,0.723,0.803,0.704,0.798,0.761,0.735,0.649,0.699,0.709,0.719,0.718,0.735,0.765,0.801,0.676,0.776,0.705,0.696,0.799,0.807,0.746,0.713,0.805,0.846,0.68,0.814,0.787,0.657,0.781,0.796,0.768,0.817,0.769,0.846,0.803,0.838,0.794,0.857,0.643,0.678,0.701,0.723,0.756,0.671,0.692,0.668,0.808,0.745,0.736,0.689,0.62,0.822,0.821,0.74,0.65,0.691,0.703,0.747,0.668,0.752,0.688,0.743,0.765,0.811,0.822,0.809,0.747,0.844,0.822,0.773,0.796,0.863,0.807,0.815,0.766,0.685,0.752,0.91,0.762,0.747,0.762,0.797,0.391,0.71,0.862,0.784,0.819,0.77,0.752,0.624,0.738,0.684,0.728,0.831,0.814,0.705,0.784,0.717,0.722,0.773,0.666,0.766,0.796,0.828,0.743,0.718,0.686,0.825,0.828,0.664,0.711,0.775,0.733,0.787,0.704,0.736,0.748,0.822,0.718,0.66,0.809,0.876,0.827,0.825,0.717,0.806,0.723,0.784,0.847,0.718,0.75,0.632,0.785,0.788,0.69,0.751,0.821,0.659,0.733,0.737,0.781,0.669,0.914,0.732,0.828,0.675,0.759,0.634,0.666,0.814,0.784,0.825,0.757,0.809,0.551,0.836,0.814,0.673,0.699,0.763,0.653,0.684,0.797,0.764,1,0.699,0.855,0.716,0.891,0.693,0.752,0.811,0.809,0.764,0.683,0.782,0.814,0.814,0.856,0.608,0.814,0.809,0.767,0.701,0.413,0.341,0.731,0.451,0.797,0.7,0.864,0.757,0.756,0.858,0.768,0.413
0.525,0.607,0.554,0.512,0.552,0.599,0.625,0.599,0.565,0.595,0.553,0.547,0.594,0.561,0.452,0.552,0.681,0.598,0.627,0.604,0.588,0.606,0.573,0.583,1,0.648,0.603,0.58,0.555,0.595,0.619,0.616,0.658,0.635,0.639,0.578,0.583,0.645,0.66,0.582,0.581,0.557,0.627,0.57,0.626,0.653,0.584,0.633,0.574,0.517,0.674,0.623,0.562,0.582,0.582,0.6,0.621,0.537,0.544,0.571,0.51,0.578,0.554,0.638,0.587,0.58,0.597,0.597,0.567,0.559,0.572,0.513,0.559,0.577,0.581,0.564,0.557,0.626,0.569,0.616,0.534,0.592,0.549,0.548,0.6,0.553,0.62,0.555,0.569,0.638,0.584,0.719,0.602,0.668,0.675,0.572,0.551,0.577,0.597,0.63,0.629,0.577,0.629,0.594,0.583,0.587,0.649,0.575,0.694,0.602,0.639,0.571,0.584,0.515,0.576,0.334,0.581,0.584,0.685,0.584,0.601,0.535,0.629,0.574,0.522,0.57,0.589,0.544,0.679,0.542,0.578,0.612,0.618,0.562,0.566,0.601,0.584,0.623,0.538,0.619,0.591,0.628,0.61,0.572,0.59,0.558,0.61,0.516,0.582,0.572,0.6,0.653,0.43,0.597,0.553,0.537,0.568,0.651,0.608,0.563,0.537,0.555,0.586,0.6,0.604,0.577,0.582,0.609,0.552,0.553,0.519,0.642,0.657,0.588,0.44,0.607,0.514,0.608,0.655,0.642,0.673,0.639,0.544,0.537,0.614,0.62,0.575,0.527,0.574,0.544,0.589,0.637,0.537,0.514,0.708,0.682,0.608,0.89,0.637,0.626,0.642,0.557,0.639,0.602,0.552,0.575,0.608,0.53,0.658,0.544,0.544,0.61,0.66,0.544,0.665,0.686,0.516,0.259,0.316,0.579,0.487,0.587,0.556,0.601,0.62,0.62,0.597,0.626,0.259
0.562,0.656,0.573,0.546,0.656,0.661,0.699,0.649,0.642,0.668,0.634,0.637,0.636,0.62,0.363,0.636,0.697,0.639,0.647,0.615,0.633,0.606,0.66,0.704,0.648,1,0.743,0.747,0.711,0.666,0.647,0.632,0.72,0.713,0.674,0.649,0.706,0.713,0.675,0.706,0.692,0.714,0.659,0.738,0.752,0.672,0.718,0.592,0.696,0.611,0.738,0.689,0.636,0.706,0.653,0.693,0.69,0.698,0.628,0.69,0.634,0.712,0.631,0.632,0.662,0.72,0.709,0.655,0.678,0.636,0.682,0.678,0.665,0.759,0.655,0.652,0.677,0.657,0.58,0.657,0.721,0.751,0.653,0.705,0.686,0.651,0.633,0.568,0.586,0.668,0.662,0.673,0.668,0.645,0.687,0.705,0.629,0.657,0.694,0.648,0.672,0.657,0.668,0.682,0.697,0.643,0.701,0.64,0.687,0.668,0.692,0.644,0.662,0.582,0.692,0.305,0.689,0.647,0.654,0.663,0.619,0.596,0.62,0.671,0.678,0.694,0.654,0.628,0.687,0.618,0.591,0.64,0.718,0.688,0.741,0.648,0.662,0.664,0.727,0.671,0.667,0.725,0.652,0.696,0.698,0.623,0.621,0.666,0.67,0.647,0.767,0.677,0.487,0.666,0.643,0.624,0.651,0.657,0.692,0.622,0.61,0.711,0.652,0.634,0.699,0.648,0.636,0.732,0.623,0.634,0.675,0.675,0.704,0.7,0.505,0.711,0.645,0.649,0.648,0.621,0.681,0.657,0.628,0.61,0.654,0.637,0.672,0.466,0.668,0.628,0.599,0.594,0.615,0.559,0.634,0.706,0.625,0.881,0.594,0.669,0.601,0.688,0.641,0.668,0.636,0.672,0.625,0.589,0.644,0.628,0.628,0.644,0.657,0.628,0.65,0.66,0.566,0.301,0.273,0.624,0.517,0.696,0.75,0.666,0.637,0.638,0.659,0.642,0.301
0.676,0.883,0.709,0.723,0.913,0.88,0.861,0.805,0.872,0.849,0.88,0.814,0.84,0.816,0.57,0.871,0.785,0.745,0.802,0.805,0.862,0.774,0.863,0.864,0.603,0.743,1,0.719,0.721,0.9,0.75,0.646,0.732,0.774,0.873,0.767,0.794,0.833,0.784,0.715,0.737,0.764,0.776,0.794,0.781,0.762,0.796,0.732,0.774,0.739,0.765,0.918,0.873,0.776,0.775,0.881,0.812,0.718,0.88,0.784,0.674,0.825,0.852,0.76,0.902,0.774,0.937,0.864,0.885,0.861,0.902,0.664,0.743,0.792,0.79,0.82,0.735,0.723,0.736,0.843,0.721,0.777,0.754,0.687,0.831,0.904,0.809,0.696,0.753,0.752,0.818,0.739,0.816,0.747,0.816,0.822,0.871,0.903,0.881,0.807,0.866,0.903,0.85,0.874,0.911,0.833,0.794,0.834,0.741,0.816,0.866,0.834,0.818,0.793,0.884,0.539,0.781,0.856,0.782,0.893,0.828,0.8,0.636,0.81,0.718,0.762,0.873,0.88,0.759,0.794,0.747,0.782,0.856,0.742,0.829,0.811,0.901,0.729,0.773,0.684,0.892,0.857,0.72,0.772,0.77,0.78,0.798,0.725,0.8,0.881,0.874,0.773,0.711,0.881,0.846,0.804,0.817,0.789,0.849,0.799,0.826,0.833,0.786,0.822,0.646,0.874,0.827,0.693,0.816,0.88,0.679,0.809,0.823,0.846,0.734,0.904,0.691,0.844,0.72,0.801,0.69,0.731,0.88,0.826,0.84,0.837,0.881,0.641,0.877,0.88,0.726,0.764,0.828,0.743,0.757,0.828,0.813,1,0.764,0.877,0.774,0.876,0.759,0.816,0.871,0.881,0.813,0.749,0.729,0.88,0.88,0.845,0.674,0.88,0.817,0.775,0.707,0.584,0.495,0.708,0.373,0.876,0.746,0.857,0.837,0.835,0.854,0.84,0.584
0.555,0.68,0.604,0.544,0.69,0.683,0.759,0.697,0.678,0.731,0.654,0.623,0.648,0.649,0.342,0.661,0.747,0.608,0.654,0.618,0.652,0.611,0.67,0.695,0.58,0.747,0.719,1,0.783,0.688,0.615,0.659,0.715,0.737,0.691,0.696,0.774,0.756,0.752,0.786,0.747,0.722,0.736,0.749,0.811,0.745,0.785,0.596,0.758,0.603,0.714,0.69,0.657,0.761,0.698,0.682,0.663,0.774,0.652,0.751,0.693,0.78,0.65,0.6,0.689,0.689,0.698,0.678,0.685,0.66,0.686,0.706,0.704,0.729,0.703,0.697,0.716,0.617,0.581,0.671,0.752,0.796,0.614,0.772,0.732,0.654,0.641,0.596,0.605,0.634,0.709,0.658,0.758,0.715,0.741,0.632,0.649,0.684,0.687,0.678,0.683,0.684,0.661,0.713,0.734,0.699,0.677,0.648,0.614,0.758,0.751,0.649,0.709,0.619,0.677,0.281,0.696,0.668,0.659,0.69,0.633,0.632,0.563,0.645,0.736,0.672,0.684,0.652,0.625,0.619,0.616,0.687,0.664,0.612,0.826,0.648,0.683,0.67,0.749,0.646,0.689,0.679,0.654,0.743,0.698,0.672,0.624,0.724,0.643,0.657,0.684,0.634,0.468,0.687,0.678,0.656,0.671,0.663,0.785,0.64,0.643,0.665,0.676,0.656,0.582,0.684,0.649,0.759,0.628,0.654,0.756,0.636,0.671,0.65,0.522,0.705,0.703,0.659,0.609,0.637,0.578,0.617,0.652,0.643,0.666,0.652,0.702,0.46,0.667,0.652,0.605,0.601,0.633,0.574,0.615,0.666,0.633,0.769,0.601,0.68,0.605,0.689,0.65,0.758,0.661,0.702,0.633,0.591,0.617,0.652,0.652,0.664,0.544,0.652,0.667,0.634,0.613,0.292,0.239,0.593,0.422,0.683,0.725,0.699,0.652,0.651,0.691,0.653,0.292
