1.0,0.0,0.019108,0.0,0.0,0.007692,0.058394,0.0,0.0,0.044118,0.025,0.075758,0.0,0.069444,0,0.0,0.004831,0.0,0.017857,0.027027,0.02381,0.0,0.016949,0.012987,0.007634,0.013889,0.008264,0.0,0.00813,0.025424,0.029197,0.0,0.0,0.005236,0.004202,0.0,0.0,0.0,0.00641,0.0,0.025974,0.007246,0.0,0,0.00625,0.0,0.0,0.0,0.007407,0.008696,0.005682,0.010753,0.0,0.013699,0.0,0.045161,0.019608,0.0,0.0,0.008621,0.01,0.018692,0.021834,0.020408,0.09589,0.0,0.0,0.021505,0.028571,0.0,0.025424,0.0,0.0,0.0,0.0,0.0,0.0,0.064885,0.113043,0.0,0.0,0.0,0.014925,0.0,0.0,0.0,0.0,0.015075,0.017544,0.061644,0.0,0.0,0.0,0.0,0.00641,0.023529,0.021898,0.009804,0.009091,0.01,0.019231,0.0,0.025862,0.0,0.0,0.0,0.043956,0.0,0.007634,0.0,0.012346,0.0625,0.0,0.0,0.0,0.0,0.0,0.0,0.007937,0.0,0.023256,0,0.072464,0.102564,0.0,0.0,0.010417,0.0,0.007874,0,0.012987,0.012195,0.011494,0.01,0.0,0.0,0.015873,0.0,0.0,0.0,0.010417,0.010638,0.0,0.0,0.043478,0.0,0.0,0.0,0.092105,0.013699,0.015625,0.018868,0.022222,0.0,0.009524,0.0,0.0,0.0,0.0,0.022222,0.025641,0.013889,0.0,0.0,0.019231,0.052632,0.021739,0.007752,0.055556,0.02381,0.0,0.020833,0.02439,0.026316,0.015873,0.0,0.0,0.0,0.0,0.0,0.0,0.0,0,0.028571,0.047619,0.0,0.0,0,0.009804,0.0,0.0,0.0,0.0,0.0,0.0,0.0,0.0,0.0,0.0,0.023256,0.0,0.0,0.041667,0.0,0.027027,0.0,0.0,0.166667,0.0,0.0,0,0.0,0.0,0.0,0.0,0.085714,0.0,0.086207,0,0.095238,0.066667,0.009434,0.0,0.008475,0.110092,0.0,0.086957,0.0,0.0
0.0,1.0,0.0,0.0,0.0,0.17094,0.0,0.02,0.0,0.0,0.007812,0.0,0.0,0.0,0,0.0,0.0,0.0,0.0,0.0,0.0,0.0,0.0,0.076923,0.014706,0.0,0.0,0.0,0.0,0.0,0.0,0.0,0.0,0.0,0.033755,0.0,0.0,0.0,0.0,0.0,0.0,0.0,0.0,0,0.0,0.0,0.0,0.0,0.0,0.051724,0.0,0.0,0.0,0.006536,0.0,0.0,0.0,0.0,0.0,0.0,0.0,0.0,0.0,0.0,0.0,0.0,0.0,0.12,0.0,0.0,0.004049,0.0,0.0,0.0,0.0,0.057692,0.0,0.007067,0.007519,0.0,0.0,0.0,0.0,0.0,0.0,0.0,0.0,0.0,0.0,0.00625,0.0,0.0,0.0,0.0,0.0,0.011236,0.0,0.0,0.0,0.0,0.0,0.0,0.0,0.0,0.0,0.0,0.005128,0.02,0.007299,0.0,0.0,0.0,0.0,0.0,0.015873,0.0,0.0,0.0,0.031746,0.0,0.007299,0,0.0,0.0,0.0,0.0,0.0,0.0,0.015152,0,0.090909,0.022989,0.0,0.0,0.0,0.0,0.0,0.0,0.0,0.0,0.0,0.0,0.0,0.0,0.0,0.0,0.0,0.0,0.0,0.0,0.0,0.0,0.0,0.0,0.0,0.0,0.0,0.0,0.0,0.0,0.0,0.0,0.0,0.0,0.017241,0.0,0.0,0.0,0.0,0.007463,0.0,0.0,0.0,0.006211,0.0,0.0,0.0,0.0,0.0,0.0,0.0,0.0,0,0.0,0.0,0.0,0.0,0,0.009259,0.0,0.0,0.0,0.0,0.0,0.0,0.012346,0.0,0.0,0.0,0.0,0.0,0.0,0.0,0.0,0.0,0.0,0.0,0.0,0.0,0.0,0,0.0,0.0,0.0,0.0,0.0,0.0,0.0,0,0.0,0.0,0.0,0.0,0.0,0.007937,0.0,0.0,0.0,0.0
0.019108,0.0,1.0,0.0,0.0,0.008658,0.060086,0.0,0.0,0.056277,0.051402,0.108974,0.0,0.005618,0,0.0,0.169811,0.04908,0.0,0.0,0.035714,0.0,0.031847,0.0,0.054054,0.113402,0.103448,0.153846,0.066038,0.072115,0.104545,0.127778,0.141463,0.190283,0.008876,0.0,0.075269,0.126761,0.251208,0.089744,0.145374,0.131455,0.182927,0,0.123932,0.111111,0.105263,0.0,0.076923,0.013953,0.169231,0.071038,0.0,0.116071,0.0,0.090909,0.034286,0.064865,0.006173,0.117347,0.085561,0.116402,0.033846,0.035294,0.04,0.128099,0.0,0.003436,0.066265,0.0,0.068323,0.059406,0.013072,0.007519,0.085308,0.006667,0.070423,0.088571,0.084906,0.0,0.049451,0.117371,0.049383,0.074866,0.044872,0.020979,0.076923,0.679558,0.84,0.075314,0.014815,0.044444,0.007519,0.110465,0.193548,0.082353,0.075556,0.0,0.0,0.326797,0.006494,0.0,0.0,0.0,0.0,0.020134,0.039146,0.0,0.0,0.022388,0.022222,0.040816,0.0,0.0,0.0,0.0,0.097778,0.037037,0.002817,0.006494,0.049327,0,0.005714,0.005348,0.0,0.006098,0.010152,0.0,0.017699,0,0.0,0.005435,0.085714,0.057292,0.016216,0.007353,0.064103,0.0,0.014925,0.158333,0.137143,0.106742,0.141104,0.0,0.034483,0.150685,0.007463,0.0,0.005435,0.04142,0.030864,0.006452,0.021053,0.05848,0.029703,0.0,0.0,0.0,0.033113,0.015707,0.0,0.011561,0.09816,0.0,0.0,0.014286,0.041958,0.084112,0.025806,0.05,0.060811,0.006667,0.014085,0.057377,0.006061,0.006993,0.068783,0.0,0.004975,0.007353,0.006803,0.0,0,0.0,0.0,0.0,0.0,0,0.0,0.0,0.0,0.0,0.0,0.0,0.0,0.028902,0.0,0.0,0.0,0.035461,0.0,0.0,0.0,0.0,0.007194,0.0,0.0,0.007353,0.0,0.0,0,0.017857,0.0,0.0,0.0,0.0,0.060606,0.037736,0,0.005882,0.005525,0.02451,0.1125,0.027907,0.077295,0.0,0.005682,0.015152,0.0
0.0,0.0,0.0,1.0,0.029412,0.0,0.007692,0.0,0.0,0.007874,0.0,0.055556,0.0,0.105263,0,0.0,0.0,0.0,0.0,0.0,0.115385,0.0,0.0,0.0,0.0,0.004739,0.028571,0.0,0.0,0.019048,0.016,0.011628,0.0,0.0,0.0,0.0,0.0,0.0,0.021429,0.0,0.0,0.0,0.0,0,0.0,0.0,0.008772,0.0,0.0,0.0,0.0,0.038961,0.071429,0.0,0.0,0.013699,0.025,0.0,0.0,0.0,0.0,0.0,0.018519,0.017241,0.0,0.0,0.0,0.0,0.017094,0.0,0.017857,0.0,0.0,0.0,0.0,0.060606,0.0,0.003788,0.00885,0.037037,0.0,0.008264,0.0,0.0,0.0,0.0,0.0,0.0,0.0,0.084615,0.0,0.0,0.0,0.0,0.0,0.0,0.0,0.011364,0.010417,0.0,0.0,0.0,0.009615,0.0,0.0,0.0,0.011494,0.0,0.0,0.0,0.0,0.0,0.0,0.0,0.0,0.0,0.0,0.0,0.008403,0.0,0.0,0,0.111111,0.090909,0.0,0.0,0.0,0.0,0.0,0,0.0,0.0,0.013699,0.0,0.0,0.0,0.020408,0.0,0.0,0.018868,0.0,0.025316,0.014493,0.0,0.0,0.0,0.0,0.0,0.095238,0.0,0.0,0.0,0.0,0.0,0.010989,0.04,0.041667,0.0,0.0,0.0,0.04,0.0,0.0,0.0,0.0,0.0,0.1,0.0,0.0,0.0,0.0,0.0,0.0,0.007092,0.020408,0.0,0.011765,0.0,0.0,0.0,0.0,0.0,0,0.047619,0.0,0.0,0.0,0,0.0,0.0,0.0,0.0,0.0,0.32,0.0,0.0,0.0,0.0,0.0,0.111111,0.0,0.0,0.0,0.0,0.0,0.0,0.0,0.0,0.0,0.0,0,0.0,0.0,0.0,0.0,0.0,0.0,0.020833,0,0.122449,0.1,0.01087,0.0,0.009615,0.009434,0.0,0.109091,0.0,0.0
0.0,0.0,0.0,0.029412,1.0,0.0,0.007407,0.035714,0.0,0.007576,0.0,0.0,0.0,0.0,0,0.0,0.0,0.0,0.0,0.0,0.0,0.0,0.0,0.014706,0.0,0.0,0.0,0.0,0.0,0.0,0.0,0.0,0.0,0.0,0.008772,0.0,0.0,0.0,0.0,0.0,0.0,0.0,0.0,0,0.0,0.0,0.0,0.0,0.0,0.009434,0.0,0.0,0.0,0.0,0.0,0.0,0.004,0.0,0.0,0.0,0.0,0.0,0.0,0.0,0.0,0.0,0.0,0.0,0.0,0.0,0.0,0.0,0.0,0.0,0.0,0.052632,0.0,0.0,0.0,0.0,0.0,0.007937,0.0,0.0,0.0,0.0,0.0,0.0,0.0,0.0,0.0,0.0,0.0,0.0,0.0,0.0,0.0,0.010753,0.02,0.0,0.0,0.0,0.018519,0.0,0.0,0.0,0.005556,0.0,0.0,0.0,0.0,0.0,0.0,0.0,0.042553,0.0,0.0,0.0,0.051502,0.0,0.0,0,0.0,0.0,0.0,0.0,0.0,0.0,0.0,0,0.0,0.0,0.0,0.0,0.0,0.0,0.0,0.0,0.0,0.0,0.0,0.0,0.0,0.0,0.0,0.0,0.043478,0.0,0.0,0.0,0.0,0.0,0.0,0.0,0.0,0.0,0.0,0.0,0.0,0.0,0.0,0.0,0.0,0.0,0.0,0.0,0.0,0.0,0.0,0.0,0.0,0.0,0.0,0.006849,0.0,0.0,0.0,0.0,0.0,0.0,0.0,0.034483,0,0.0,0.0,0.0,0.0,0,0.032967,0.0,0.034483,0.0,0.0,0.0,0.0,0.0,0.0,0.0,0.0,0.0,0.0,0.045455,0.0,0.0,0.0,0.0,0.0,0.0,0.0,0.0,0,0.0,0.0,0.0,0.0,0.0,0.0,0.0,0,0.0,0.0,0.0,0.0,0.0,0.0,0.0,0.0,0.0,0.0
0.007692,0.17094,0.008658,0.0,0.0,1.0,0.033175,0.024242,0.0,0.038647,0.015544,0.014085,0.0,0.013514,0,0.009615,0.003571,0.014286,0.015625,0.0,0.0,0.0,0.0,0.208,0.062176,0.022,0.026316,0.014981,0.0,0.005181,0.004695,0.0,0.004902,0.007605,0.079585,0.018182,0.0,0.0,0.017699,0.0,0.017621,0.014354,0.0,0,0.004292,0.007692,0.004975,0.0,0.004808,0.138554,0.007075,0.030864,0.0,0.009132,0.0,0.004274,0.006042,0.0,0.022901,0.0,0.0,0.0,0.003268,0.006231,0.02,0.004115,0.0,0.195455,0.012461,0.017699,0.009615,0.0,0.0,0.0,0.0,0.070175,0.008197,0.04142,0.036082,0.0,0.0,0.009662,0.0,0.0,0.0,0.0,0.007246,0.018519,0.008163,0.022422,0.0,0.0,0.009615,0.0,0.0,0.020661,0.004717,0.02924,0.010989,0.0,0.008,0.012739,0.010526,0.0,0.0,0.0,0.027344,0.037736,0.045918,0.0,0.0,0.0,0.0,0.0,0.0,0.0,0.0,0.0,0.09,0.02439,0.014851,0,0.006849,0.006329,0.0,0.014925,0.024096,0.0,0.148571,0,0.078571,0.04698,0.00625,0.023529,0.0,0.0,0.0,0.0,0.0,0.012195,0.011905,0.012048,0.00641,0.0,0.016807,0.0,0.0,0.0,0.012987,0.0,0.0,0.0,0.0,0.013333,0.005618,0.0,0.0,0.0,0.0,0.0,0.0,0.013889,0.0,0.009524,0.041322,0.008929,0.0,0.00995,0.0,0.015075,0.0,0.008264,0.0,0.017778,0.0,0.0,0.0,0.0,0.023669,0.0,0.008475,0.0,0,0.0,0.008621,0.0,0.009709,0,0.053892,0.019231,0.009009,0.0,0.0,0.0,0.0,0.013605,0.0,0.0,0.0,0.0,0.0,0.009615,0.016529,0.0,0.027778,0.0,0.0,0.0,0.0,0.0,0,0.0,0.0,0.0,0.0,0.0,0.006897,0.014925,0,0.007092,0.006579,0.022727,0.013605,0.005236,0.031915,0.0,0.006803,0.0,0.0
0.058394,0.0,0.060086,0.007692,0.007407,0.033175,1.0,0.022346,0.0,0.708955,0.071429,0.060403,0.0,0.044586,0,0.008475,0.027875,0.026316,0.006993,0.0,0.0,0.0,0.0,0.018519,0.028169,0.047904,0.066327,0.036364,0.034314,0.009709,0.045872,0.027322,0.042857,0.048872,0.028391,0.016129,0.010929,0.006944,0.033898,0.019737,0.047009,0.036697,0.022857,0,0.016393,0.006944,0.023697,0.01626,0.018265,0.046392,0.052506,0.034286,0.0,0.021739,0.008475,0.024691,0.026627,0.011111,0.034965,0.014925,0.005348,0.010309,0.025559,0.030581,0.091503,0.027888,0.0,0.045283,0.079618,0.0,0.085809,0.010152,0.007194,0.0,0.004695,0.022556,0.014815,0.115854,0.119792,0.0,0.0,0.02765,0.033333,0.005405,0.013699,0.082645,0.02,0.074349,0.05668,0.085202,0.0,0.0,0.008475,0.0,0.033898,0.125,0.101942,0.049724,0.010204,0.050279,0.021898,0.017647,0.024876,0.0,0.0,0.030075,0.108,0.008621,0.037915,0.008264,0.157534,0.029851,0.008475,0.0,0.006944,0.0,0.004329,0.077465,0.030211,0.014493,0.068293,0,0.03871,0.048485,0.0,0.027397,0.033708,0.0,0.028708,0,0.037736,0.017964,0.029412,0.044444,0.011696,0.0,0.086331,0.0,0.0,0.023346,0.076023,0.064327,0.055556,0.0,0.030534,0.006579,0.016949,0.0,0.055901,0.025478,0.013333,0.007143,0.005618,0.031056,0.005208,0.0,0.0,0.007519,0.014388,0.0,0.0,0.212121,0.006135,0.0,0.029412,0.016,0.015152,0.023585,0.035971,0.074627,0.007092,0.007407,0.015748,0.099548,0.006667,0.007812,0.016304,0.007937,0.033149,0.0,0.0,0.0,0,0.0,0.039683,0.0,0.008547,0,0.027027,0.008403,0.0,0.0,0.0,0.0,0.0,0.058442,0.0,0.0,0.0,0.0,0.0,0.0,0.014815,0.0,0.008065,0.0,0.0,0.033898,0.0,0.0,0,0.114286,0.0,0.0,0.007299,0.041667,0.006289,0.06383,0,0.04,0.037267,0.235669,0.038217,0.009804,0.112299,0.0,0.038462,0.0,0.0
0.0,0.02,0.0,0.0,0.035714,0.024242,0.022346,1.0,0.0,0.028571,0.018987,0.009259,0.0,0.008772,0,0.014493,0.008197,0.019048,0.010638,0.0,0.0,0.0,0.0,0.035714,0.036585,0.017094,0.019108,0.026087,0.006211,0.0,0.0,0.0,0.0,0.008772,0.154167,0.0,0.0,0.010526,0.010363,0.009524,0.020833,0.011429,0.0,0,0.0,0.0,0.006024,0.013333,0.011628,0.084507,0.015544,0.023256,0.0,0.01087,0.014493,0.005025,0.020548,0.007576,0.020619,0.0,0.0,0.0,0.014925,0.014085,0.008547,0.004808,0.0,0.075472,0.017544,0.0,0.025641,0.006711,0.0,0.0,0.0,0.035714,0.0,0.029221,0.031056,0.0,0.0,0.011628,0.009524,0.007353,0.0,0.012346,0.0,0.016949,0.0,0.021164,0.0,0.0,0.0,0.0,0.005155,0.024155,0.017143,0.029197,0.020548,0.0,0.0,0.024793,0.019481,0.0,0.0,0.023256,0.031674,0.03352,0.024096,0.0,0.008403,0.011364,0.0,0.0,0.129412,0.0,0.0,0.0,0.131783,0.0,0.017964,0,0.0,0.0,0.0,0.020202,0.015038,0.0,0.031056,0,0.074074,0.025424,0.0,0.02963,0.0,0.0,0.009901,0.0,0.0,0.019048,0.015038,0.007576,0.0,0.0,0.0,0.0,0.0,0.0,0.008333,0.0,0.0,0.010989,0.0,0.017391,0.0,0.0,0.0,0.0,0.0,0.0,0.0,0.0,0.008772,0.0,0.045977,0.0,0.0,0.012048,0.0,0.018293,0.0,0.0,0.0,0.026455,0.0,0.0,0.0,0.0,0.022222,0.0,0.0,0.026667,0,0.0,0.025,0.0,0.014706,0,0.205128,0.028986,0.013158,0.0,0.0,0.0,0.0,0.0,0.0,0.0,0.0,0.0,0.0,0.044776,0.023256,0.0,0.013333,0.0,0.0,0.0,0.0,0.0,0,0.0,0.0,0.0,0.0,0.013333,0.0,0.01,0,0.0,0.0,0.013986,0.027027,0.0,0.025806,0.0,0.0,0.0,0.0
0.0,0.0,0.0,0.0,0.0,0.0,0.0,0.0,1.0,0.0,0.0,0.0,0.0,0.0,0,0.0,0.0,0.0,0.0,0.0,0.0,0.0,0.0,0.0,0.0,0.0,0.0,0.0,0.0,0.0,0.0,0.0,0.0,0.0,0.0,0.0,0.0,0.0,0.0,0.0,0.0,0.0,0.0,0,0.0,0.0,0.0,0.0,0.0,0.0,0.0,0.0,0.0,0.0,0.0,0.0,0.0,0.0,0.0,0.0,0.0,0.0,0.0,0.0,0.0,0.0,0.0,0.0,0.0,0.0,0.0,0.0,0.0,0.0,0.0,0.0,0.0,0.0,0.0,0.0,0.0,0.0,0.0,0.0,0.0,0.0,0.0,0.0,0.0,0.0,0.0,0.0,0.0,0.0,0.0,0.0,0.0,0.0,0.0,0.0,0.0,0.0,0.0,0.0,0.0,0.0,0.0,0.0,0.0,0.0,0.0,0.0,0.0,0.0,0.0,0.0,0.0,0.0,0.0,0.0,0.0,0,0.0,0.0,0.0,0.0,0.0,0.0,0.0,0,0.0,0.0,0.0,0.0,0.0,0.0,0.0,0.0,0.0,0.0,0.0,0.0,0.0,0.0,0.0,0.0,0.0,0.0,0.0,0.0,0.0,0.0,0.0,0.0,0.0,0.0,0.0,0.0,0.0,0.0,0.0,0.0,0.0,0.0,0.0,0.0,0.0,0.0,0.0,0.0,0.0,0.0,0.0,0.0,0.0,0.0,0.0,0.0,0.0,0.0,0.0,0.0,0,0.0,0.0,0.0,0.0,0,0.0,0.0,0.0,0.0,0.0,0.0,0.0,0.0,0.0,0.0,0.0,0.0,0.0,0.0,0.0,0.0,0.0,0.0,0.0,0.0,0.0,0.0,0,0.0,0.0,0.0,0.0,0.0,0.0,0.0,0,0.0,0.0,0.0,0.0,0.0,0.0,0.0,0.0,0.0,0.0
0.044118,0.0,0.056277,0.007874,0.007576,0.038647,0.708955,0.028571,0.0,1.0,0.078125,0.054422,0.0,0.032051,0,0.008696,0.020979,0.026846,0.014388,0.0,0.0,0.0,0.0,0.018868,0.028571,0.037773,0.061856,0.032967,0.019608,0.004902,0.041667,0.027778,0.033493,0.045455,0.018927,0.016529,0.005525,0.007092,0.025532,0.013333,0.047619,0.02765,0.017341,0,0.012397,0.007092,0.014286,0.008264,0.018519,0.058201,0.05036,0.034884,0.0,0.017544,0.008696,0.016529,0.033033,0.011299,0.035714,0.01005,0.005435,0.010471,0.032468,0.037267,0.071895,0.028226,0.0,0.062016,0.073482,0.0,0.07947,0.010309,0.007353,0.0,0.0,0.023077,0.015152,0.1,0.087179,0.0,0.0,0.028037,0.027027,0.0,0.006944,0.084746,0.006711,0.071161,0.053061,0.062222,0.0,0.0,0.008696,0.0,0.025532,0.141593,0.114428,0.044693,0.010363,0.045198,0.014815,0.030303,0.025253,0.0,0.0,0.030769,0.07874,0.013158,0.043478,0.0,0.144828,0.015038,0.0,0.0,0.007092,0.0,0.0,0.079137,0.027356,0.014815,0.074627,0,0.025974,0.030303,0.0,0.027972,0.028409,0.0,0.039216,0,0.038462,0.012121,0.02994,0.039326,0.011905,0.0,0.088235,0.013423,0.0,0.027668,0.064706,0.052941,0.05,0.0,0.03125,0.006711,0.017391,0.0,0.037267,0.025974,0.013605,0.0,0.005714,0.031646,0.010638,0.0,0.0,0.0,0.007299,0.0,0.0,0.217054,0.00625,0.0,0.022388,0.016393,0.0,0.028846,0.014388,0.075758,0.007246,0.007576,0.016129,0.111111,0.013699,0.008,0.010989,0.0,0.027933,0.0,0.0,0.0,0,0.0,0.032258,0.0,0.008772,0,0.027473,0.008621,0.0,0.0,0.0,0.0,0.0,0.059603,0.0,0.0,0.0,0.0,0.0,0.0,0.030769,0.0,0.008264,0.0,0.0,0.034783,0.0,0.0,0,0.108696,0.0,0.0,0.0,0.042735,0.00641,0.065217,0,0.026846,0.025,0.248366,0.032258,0.015,0.078947,0.008264,0.025806,0.0,0.0
0.025,0.007812,0.051402,0.0,0.0,0.015544,0.071429,0.018987,0.0,0.078125,1.0,0.022556,0.019048,0.036496,0,0.010417,0.018657,0.015152,0.051724,0.040404,0.0,0.0,0.01626,0.014184,0.015464,0.02863,0.056497,0.023346,0.0,0.062857,0.084211,0.006061,0.026042,0.028,0.016722,0.0,0.006173,0.016529,0.042254,0.007576,0.032407,0.014925,0.032895,0,0.008929,0.033613,0.010417,0.0,0.0,0.011173,0.063452,0.039216,0.0,0.019139,0.0,0.075829,0.097973,0.006289,0.016129,0.011111,0.006061,0.00578,0.107407,0.101399,0.098485,0.008547,0.0,0.032389,0.214559,0.009434,0.232932,0.005682,0.008547,0.0,0.010526,0.00885,0.008772,0.075,0.08427,0.0,0.006536,0.020305,0.072581,0.0,0.016129,0.068627,0.007692,0.063745,0.052863,0.028037,0.0,0.0,0.0,0.019868,0.018349,0.298913,0.339869,0.018182,0.005714,0.057325,0.072727,0.02027,0.022222,0.0,0.0,0.026786,0.045082,0.019231,0.015464,0.0,0.013793,0.026549,0.0,0.0,0.0,0.0,0.0,0.110169,0.012698,0.008547,0.87619,0,0.02963,0.034247,0.0,0.007874,0.0125,0.0,0.021164,0,0.021429,0.034965,0.047945,0.064103,0.0,0.030928,0.04878,0.0,0.0,0.029915,0.058824,0.09589,0.0,0.0,0.027273,0.015504,0.0,0.0,0.042254,0.037313,0.015625,0.0,0.019481,0.021277,0.011834,0.0,0.0,0.0,0.008475,0.026144,0.0,0.0,0.014286,0.010309,0.044248,0.009615,0.009009,0.026316,0.02521,0.901961,0.0,0.017857,0.009434,0.7,0.007812,0.038835,0.006098,0.039604,0.018519,0.010101,0.0,0.019608,0,0.0,0.058252,0.0,0.010526,0,0.012048,0.020833,0.0,0.0,0.0,0.0,0.0,0.101562,0.019417,0.007812,0.0,0.009259,0.0,0.0,0.008772,0.0,0.019802,0.0,0.02,0.030928,0.0,0.0,0,0.015152,0.010309,0.0,0.0,0.040404,0.0,0.113043,0,0.030769,0.035714,0.005848,0.007143,0.022222,0.075145,0.0,0.029412,0.0,0.0
0.075758,0.0,0.108974,0.055556,0.0,0.014085,0.060403,0.009259,0.0,0.054422,0.022556,1.0,0.0,0.022727,0,0.0,0.052381,0.0,0.0,0.0,0.037037,0.0,0.013889,0.0,0.035714,0.034404,0.125,0.055,0.062016,0.030769,0.033557,0.096154,0.074074,0.073298,0.008,0.019608,0.04717,0.075758,0.111111,0.08,0.06875,0.070423,0.129032,0,0.060976,0.145161,0.083969,0.0,0.07971,0.02381,0.051576,0.080808,0.0,0.059211,0.0,0.023392,0.018657,0.069307,0.013699,0.083333,0.075472,0.079646,0.016461,0.01938,0.081395,0.045455,0.0,0.00495,0.06,0.0,0.066946,0.01626,0.015385,0.022727,0.037037,0.033333,0.086207,0.101887,0.215517,0.0,0.073684,0.064286,0.025316,0.076923,0.027778,0.096154,0.097222,0.102564,0.113095,0.142857,0.0,0.0,0.0,0.085106,0.069182,0.027473,0.013245,0.026549,0.00813,0.151515,0.015385,0.0,0.007634,0.0,0.0,0.067797,0.051813,0.0,0.006944,0.0,0.021505,0.032258,0.0,0.0,0.0,0.0,0.046358,0.0,0.003759,0.015385,0.021127,0,0.023529,0.03125,0.0,0.0,0.018519,0.0,0.021739,0,0.0,0.010526,0.030612,0.036364,0.020619,0.0,0.084507,0.0,0.021739,0.098837,0.134021,0.125,0.141176,0.0,0.051724,0.161765,0.0,0.0,0.032258,0.023529,0.0,0.0,0.019417,0.010989,0.0,0.0,0.0,0.0,0.015152,0.0,0.0,0.02381,0.022727,0.0,0.015385,0.039216,0.034483,0.067164,0.060606,0.021583,0.046154,0.033333,0.057692,0.030488,0.0,0.0,0.046296,0.0,0.018018,0.0,0.0,0.0,0,0.0,0.0,0.0,0.0,0,0.008696,0.0,0.0,0.0,0.0,0.0,0.0,0.034884,0.0,0.0,0.0,0.036364,0.0,0.0,0.0,0.0,0.0,0.0,0.0,0.043478,0.0,0.0,0,0.025,0.022222,0.0,0.0,0.0,0.036145,0.101449,0,0.037975,0.021978,0.052632,0.1125,0.0,0.218182,0.0,0.035294,0.022727,0.0
0.0,0.0,0.0,0.0,0.0,0.0,0.0,0.0,0.0,0.0,0.019048,0.0,1.0,0.0,0,0.0,0.010526,0.081633,0.051282,0.0,0.0,0.0,0.0,0.0,0.0,0.002375,0.019231,0.005525,0.0,0.019417,0.01626,0.0,0.0,0.0,0.0,0.0,0.0,0.0,0.014388,0.0,0.0,0.0,0.0,0,0.0,0.0,0.0,0.0,0.0,0.0,0.008955,0.026316,0.0,0.0,0.0,0.013889,0.008264,0.0,0.022727,0.0,0.011905,0.0,0.009259,0.008621,0.032258,0.006494,0.0,0.0,0.012876,0.0,0.013453,0.0,0.0,0.0,0.0,0.0,0.0,0.011538,0.018182,0.0,0.0,0.0,0.04,0.0,0.0,0.0,0.0,0.0,0.006369,0.007246,0.0,0.0,0.0,0.0,0.0,0.012821,0.00813,0.0,0.0,0.011905,0.057143,0.0,0.0,0.0,0.0,0.0,0.00578,0.0,0.0,0.0,0.0,0.060606,0.0,0.0,0.0,0.0,0.0,0.041667,0.004219,0.0,0.017544,0,0.0,0.0,0.0,0.0,0.0,0.0,0.0,0,0.0,0.0,0.0,0.024096,0.0,0.0,0.0,0.0,0.0,0.006289,0.038462,0.025974,0.0,0.0,0.0,0.0,0.0,0.0,0.015152,0.0,0.0,0.0,0.013333,0.067797,0.0,0.0,0.0,0.0,0.0,0.013333,0.0,0.0,0.0,0.0,0.0,0.0,0.0,0.0,0.051282,0.018018,0.0,0.03125,0.0,0.014493,0.0,0.0,0.0,0.0,0.0,0.0,0.0,0.0,0,0.0,0.0,0.0,0.0,0,0.0,0.0,0.0,0.0,0.0,0.0,0.0,0.016949,0.090909,0.0,0.0,0.0,0.0,0.0,0.030303,0.0,0.0,0.0,0.105263,0.0,0.0,0.0,0,0.0,0.0,0.0,0.0,0.0,0.0,0.044444,0,0.0,0.0,0.0,0.0,0.0,0.019417,0.0,0.0,0.0,0.0
0.069444,0.0,0.005618,0.105263,0.0,0.013514,0.044586,0.008772,0.0,0.032051,0.036496,0.022727,0.0,1.0,0,0.040816,0.0,0.0,0.0,0.0,0.0,0.0,0.0,0.010417,0.006667,0.006608,0.007143,0.009302,0.0,0.014493,0.012658,0.0,0.0,0.0,0.007812,0.0,0.0,0.0,0.0,0.0,0.017241,0.006369,0.0,0,0.0,0.0,0.006803,0.0,0.0,0.007463,0.002688,0.008929,0.016129,0.006024,0.0,0.016854,0.044944,0.0,0.012658,0.0,0.0,0.0,0.049793,0.046693,0.053191,0.005291,0.0,0.014563,0.030418,0.0,0.031621,0.0,0.0,0.0,0.0,0.0,0.0,0.038328,0.065217,0.0,0.0,0.006494,0.023529,0.0,0.0,0.0,0.011905,0.013761,0.005208,0.074074,0.0,0.0,0.0,0.0,0.0,0.026596,0.025806,0.008264,0.031746,0.0,0.0,0.009615,0.045455,0.0,0.0,0.029851,0.060914,0.006061,0.006667,0.0,0.01,0.029412,0.0,0.04,0.0,0.0,0.0,0.011905,0.011111,0.0,0.034247,0,0.722222,0.666667,0.0,0.025,0.008696,0.017544,0.013793,0,0.021053,0.02,0.0,0.016949,0.0,0.0,0.012195,0.0,0.0,0.010363,0.017544,0.017857,0.0,0.0,0.0,0.0,0.0,0.0,0.728814,0.0,0.0,0.0,0.009091,0.0,0.0,0.0,0.0,0.03125,0.0,0.009091,0.017241,0.0,0.0,0.0,0.028571,0.035088,0.0,0.006757,0.041096,0.034965,0.0,0.0,0.0,0.035503,0.012195,0.0,0.0,0.0,0.008475,0.0,0.015625,0.0,0,0.0,0.05,0.0,0.020408,0,0.008264,0.019608,0.0,0.0,0.020833,0.118644,0.0,0.021505,0.0,0.0,0.0,0.0,0.039216,0.0,0.014706,0.0,0.017857,0.0,0.0,0.038462,0.0,0.0,0,0.011494,0.0,0.0,0.014493,0.055556,0.0,0.037975,0,0.72549,0.8,0.008,0.010638,0.007299,0.068702,0.0,0.740741,0.0,0.018182
0.0,0.0,0.0,0.0,0.0,0.0,0.0,0.0,0.0,0.0,0.0,0.0,0.0,0.0,1,0.0,0.0,0.0,0.0,0.0,0.0,0.0,0.0,0.0,0.0,0.0,0.0,0.0,0.0,0.0,0.0,0.0,0.0,0.0,0.0,0.0,0.0,0.0,0.0,0.0,0.0,0.0,0.0,0,0.0,0.0,0.0,0.0,0.0,0.0,0.0,0.0,0.0,0.0,0.0,0.0,0.0,0.0,0.0,0.0,0.0,0.0,0.0,0.0,0.0,0.0,0.0,0.0,0.0,0.0,0.0,0.0,0.0,0.0,0.0,0.0,0.0,0.0,0.0,0.0,0.0,0.0,0.0,0.0,0.0,0.0,0.0,0.0,0.0,0.0,0.0,0.0,0.0,0.0,0.0,0.0,0.0,0.0,0.0,0.0,0.0,0.0,0.0,0.0,0.0,0.0,0.0,0.0,0.0,0.0,0.0,0.0,0.0,0.0,0.0,0.0,0.0,0.0,0.0,0.0,0.0,0,0.0,0.0,0.0,0.0,0.0,0.0,0.0,0,0.0,0.0,0.0,0.0,0.0,0.0,0.0,0.0,0.0,0.0,0.0,0.0,0.0,0.0,0.0,0.0,0.0,0.0,0.0,0.0,0.0,0.0,0.0,0.0,0.0,0.0,0.0,0.0,0.0,0.0,0.0,0.0,0.0,0.0,0.0,0.0,0.0,0.0,0.0,0.0,0.0,0.0,0.0,0.0,0.0,0.0,0.0,0.0,0.0,0.0,0.0,0.0,0,0.0,0.0,0.0,0.0,0,0.0,0.0,0.0,0.0,0.0,0.0,0.0,0.0,0.0,0.0,0.0,0.0,0.0,0.0,0.0,0.0,0.0,0.0,0.0,0.0,0.0,0.0,0,0.0,0.0,0.0,0.0,0.0,0.0,0.0,0,0.0,0.0,0.0,0.0,0.0,0.0,0.0,0.0,0.0,0.0
0.0,0.0,0.0,0.0,0.0,0.009615,0.008475,0.014493,0.0,0.008696,0.010417,0.0,0.0,0.040816,0,1.0,0.0,0.0,0.0,0.0,0.0,0.0,0.0,0.019608,0.009524,0.002433,0.0,0.005848,0.0,0.0,0.0,0.0,0.0,0.0,0.004717,0.0,0.0,0.0,0.0,0.0,0.007634,0.008929,0.0,0,0.0,0.0,0.009804,0.0,0.0,0.011236,0.003058,0.0,0.0,0.008264,0.0,0.0,0.0,0.0,0.029412,0.0,0.0,0.0,0.0,0.0,0.018868,0.006944,0.0,0.006135,0.004444,0.0,0.004651,0.0,0.0,0.0,0.0,0.0,0.0,0.007968,0.009901,0.0,0.0,0.009174,0.0,0.0,0.0,0.0,0.025641,0.011494,0.0,0.007812,0.0,0.0,0.0,0.0,0.0,0.006803,0.00885,0.013158,0.011905,0.0,0.0,0.016949,0.01087,0.0,0.0,0.0,0.012346,0.008333,0.009524,0.0,0.0,0.0,0.0,0.0,0.0,0.0,0.0,0.0,0.004405,0.0,0.009524,0,0.021277,0.016949,0.0,0.027778,0.014286,0.0,0.009901,0,0.019608,0.017857,0.0,0.0,0.0,0.0,0.0,0.0,0.0,0.006711,0.028986,0.014706,0.0,0.0,0.0,0.0,0.0,0.0,0.036364,0.0,0.0,0.0,0.0,0.0,0.0,0.0,0.0,0.0,0.0,0.0,0.0,0.0,0.0,0.0,0.038462,0.0,0.0,0.009709,0.0,0.009804,0.0,0.0,0.0,0.007752,0.0,0.0,0.0,0.0,0.013699,0.0,0.052632,0.0,0,0.0,0.058824,0.0,0.25,0,0.013158,0.166667,0.083333,0.0,0.0,0.05,0.0,0.0,0.0,0.0,0.0,0.0,0.0,0.0,0.043478,0.0,0.090909,0.0,0.0,0.0,0.0,0.0,0,0.0,0.0,0.0,0.0,0.0,0.0,0.0,0,0.02381,0.018868,0.0,0.0,0.0,0.010638,0.0,0.020833,0.0,0.0
0.004831,0.0,0.169811,0.0,0.0,0.003571,0.027875,0.008197,0.0,0.020979,0.018657,0.052381,0.010526,0.0,0,0.0,1.0,0.009217,0.009756,0.0,0.0,0.0,0.014493,0.0,0.076336,0.180723,0.0625,0.12987,0.087302,0.038314,0.043011,0.120536,0.128,0.117647,0.023684,0.005319,0.068966,0.089005,0.154135,0.079208,0.124088,0.111538,0.130841,0,0.259109,0.083333,0.134146,0.016216,0.083333,0.027027,0.140271,0.04721,0.0,0.236515,0.0,0.043478,0.0199,0.069869,0.009569,0.107884,0.07265,0.097458,0.015873,0.017812,0.022222,0.558252,0.0,0.014925,0.049608,0.0,0.056604,0.035573,0.00995,0.005525,0.420513,0.005051,0.081081,0.069825,0.05303,0.015873,0.062222,0.091603,0.048077,0.10177,0.044554,0.005181,0.028571,0.169435,0.165468,0.055363,0.005435,0.005319,0.0,0.086364,0.128676,0.041801,0.028369,0.003968,0.0,0.115556,0.00995,0.0,0.0,0.0,0.0,0.0,0.02719,0.010204,0.007143,0.010929,0.004329,0.030769,0.005525,0.0,0.0,0.0,0.569149,0.009346,0.002481,0.00495,0.018051,0,0.0,0.0,0.005102,0.0,0.004065,0.0,0.010909,0,0.013333,0.017467,0.04386,0.054622,0.030568,0.0,0.028846,0.0,0.016575,0.112628,0.055556,0.098655,0.088372,0.0,0.025907,0.085427,0.0,0.0,0.0,0.022831,0.018957,0.004926,0.008333,0.013274,0.011858,0.0,0.0,0.0,0.035533,0.004149,0.0,0.00905,0.046083,0.005495,0.0,0.0,0.005102,0.102362,0.024752,0.018248,0.084656,0.0,0.0,0.023411,0.004695,0.0,0.077586,0.0,0.004016,0.0,0.0,0.0,0,0.0,0.0,0.0,0.0,0,0.003968,0.0,0.0,0.0,0.0,0.0,0.0,0.004444,0.010638,0.0,0.0,0.0,0.0,0.0,0.0,0.0,0.005348,0.0,0.010811,0.0,0.0,0.0,0,0.0,0.0,0.0,0.0,0.0,0.013636,0.019139,0,0.0,0.0,0.01581,0.1133,0.011278,0.046332,0.0,0.0,0.005525,0.0
0.0,0.0,0.04908,0.0,0.0,0.014286,0.026316,0.019048,0.0,0.026846,0.015152,0.0,0.081633,0.0,0,0.0,0.009217,1.0,0.046154,0.0,0.0,0.0,0.028986,0.011364,0.007042,0.011261,0.039062,0.02451,0.007463,0.023256,0.020134,0.009009,0.0,0.00995,0.008065,0.0,0.0,0.0,0.018182,0.025974,0.018072,0.027397,0.0,0,0.011765,0.0,0.007194,0.0,0.006849,0.016,0.016713,0.039604,0.0,0.012739,0.02381,0.023669,0.026515,0.009524,0.043478,0.007874,0.009009,0.008403,0.029412,0.031621,0.022472,0.005525,0.0,0.01005,0.011538,0.0,0.016064,0.008197,0.0,0.0,0.0,0.0,0.016667,0.021127,0.022059,0.0,0.0,0.020833,0.025974,0.0,0.0,0.037736,0.013158,0.049261,0.045198,0.012195,0.0,0.0,0.02381,0.0,0.005988,0.027778,0.02027,0.00885,0.0,0.056604,0.032258,0.0,0.0,0.0,0.0,0.016667,0.020305,0.0,0.014184,0.0,0.021978,0.050847,0.0,0.0,0.029851,0.0,0.0,0.026667,0.019231,0.103448,0.014184,0,0.0,0.0,0.0,0.027778,0.018868,0.0,0.007246,0,0.011364,0.0,0.042105,0.027523,0.0,0.0,0.027397,0.0,0.0,0.016304,0.048544,0.019231,0.0,0.0,0.0,0.0,0.0,0.0,0.0,0.024096,0.041096,0.0,0.040404,0.698113,0.026316,0.0,0.0,0.0,0.0,0.05102,0.0,0.012048,0.023256,0.0,0.015873,0.0,0.0,0.0,0.046154,0.014493,0.0,0.071429,0.06,0.02454,0.0,0.0,0.0,0.0,0.018349,0.022222,0.0,0.0,0,0.0,0.0,0.0,0.0,0,0.017857,0.0,0.0,0.0,0.0,0.0,0.0,0.0,0.040816,0.0,0.0,0.0,0.0,0.0,0.0,0.0,0.0,0.0,0.043478,0.0,0.0,0.0,0,0.0,0.0,0.0,0.0,0.020833,0.063291,0.027778,0,0.0,0.0,0.017241,0.0,0.023622,0.015385,0.0,0.0,0.0,0.0
0.017857,0.0,0.0,0.0,0.0,0.015625,0.006993,0.010638,0.0,0.014388,0.051724,0.0,0.051282,0.0,0,0.0,0.009756,0.046154,1.0,0.275862,0.02439,0.0,0.0,0.013158,0.007692,0.009238,0.034188,0.010256,0.008197,0.025641,0.029412,0.010101,0.0,0.010582,0.021459,0.0,0.010417,0.0,0.012987,0.0,0.00641,0.007299,0.0,0,0.006289,0.017857,0.007874,0.0,0.007463,0.026786,0.023188,0.033333,0.0,0.006849,0.0,0.032051,0.040161,0.010753,0.016949,0.008696,0.020408,0.009346,0.040179,0.046218,0.025974,0.005917,0.0,0.010695,0.059072,0.025,0.071111,0.009091,0.0,0.0,0.0,0.0,0.0,0.069231,0.067227,0.0,0.011494,0.007463,0.098361,0.010309,0.016949,0.02381,0.0,0.01005,0.0,0.0,0.0,0.0,0.0,0.047619,0.0,0.048485,0.045113,0.009901,0.009174,0.0,0.209302,0.0,0.008547,0.0,0.0,0.0,0.055866,0.006897,0.015504,0.0,0.0125,0.086957,0.0,0.0,0.0,0.0,0.0,0.101695,0.016064,0.019608,0.048,0,0.0,0.0,0.0,0.0,0.0,0.0,0.007937,0,0.0,0.0,0.011628,0.075269,0.011905,0.0,0.016129,0.0,0.0,0.029412,0.032258,0.021739,0.0,0.0,0.0,0.0,0.0,0.0,0.0,0.013889,0.015873,0.0,0.05814,0.04,0.029412,0.0,0.0,0.0,0.019231,0.083333,0.054054,0.014085,0.0,0.0,0.0,0.0,0.022222,0.007812,0.076923,0.04918,0.0,0.021277,0.0,0.047297,0.235294,0.0,0.010204,0.147059,0.010204,0.0,0.022727,0.0,0,0.029412,0.102564,0.0,0.0,0,0.040816,0.0,0.0,0.0,0.0,0.022222,0.0,0.071429,0.114286,0.0,0.0,0.04878,0.0,0.0,0.020833,0.0,0.0,0.0,0.125,0.0,0.0,0.0,0,0.0,0.0,0.0,0.0,0.0,0.0,0.033333,0,0.0,0.0,0.009524,0.0,0.044248,0.090909,0.027778,0.0,0.0,0.0
0.027027,0.0,0.0,0.0,0.0,0.0,0.0,0.0,0.0,0.0,0.040404,0.0,0.0,0.0,0,0.0,0.0,0.0,0.275862,1.0,0.045455,0.0,0.0,0.0,0.0,0.002398,0.0,0.0,0.0,0.01,0.008333,0.0,0.0,0.005848,0.0,0.0,0.0,0.0,0.0,0.0,0.0,0.0,0.0,0,0.0,0.027027,0.0,0.0,0.0,0.0,0.012121,0.0,0.0,0.0,0.0,0.014286,0.012658,0.0,0.0,0.0,0.0,0.0,0.014218,0.013216,0.0,0.0,0.0,0.0,0.035714,0.0,0.037383,0.0,0.0,0.0,0.0,0.0,0.0,0.031873,0.058824,0.0,0.0,0.0,0.090909,0.0,0.0,0.0,0.0,0.0,0.0,0.0,0.0,0.0,0.0,0.061538,0.0,0.033557,0.043478,0.0,0.0,0.0,0.222222,0.0,0.0,0.0,0.0,0.0,0.011905,0.0,0.0,0.0,0.0,0.068966,0.0,0.0,0.0,0.0,0.0,0.095238,0.0,0.0,0.037037,0,0.0,0.0,0.0,0.0,0.0,0.0,0.0,0,0.0,0.0,0.0,0.051948,0.0,0.0,0.0,0.0,0.0,0.026316,0.0,0.0,0.0,0.0,0.0,0.0,0.0,0.0,0.0,0.018868,0.022727,0.0,0.074627,0.0,0.011765,0.0,0.0,0.0,0.0,0.090909,0.052632,0.0,0.0,0.0,0.0,0.0,0.038462,0.0,0.057143,0.038095,0.0,0.035714,0.0,0.022556,0.1,0.0,0.0,0.333333,0.0,0.0,0.0,0.0,0,0.066667,0.2,0.0,0.0,0,0.0,0.0,0.0,0.0,0.0,0.038462,0.0,0.076923,0.111111,0.0,0.0,0.090909,0.0,0.0,0.0,0.0,0.0,0.0,0.133333,0.0,0.0,0.0,0,0.0,0.0,0.0,0.0,0.0,0.0,0.0,0,0.0,0.0,0.0,0.0,0.020619,0.052083,0.0,0.0,0.0,0.0
0.02381,0.0,0.035714,0.115385,0.0,0.0,0.0,0.0,0.0,0.0,0.0,0.037037,0.0,0.0,0,0.0,0.0,0.0,0.02439,0.045455,1.0,0.0,0.0,0.0,0.0,0.007143,0.04902,0.005495,0.0,0.049505,0.05,0.011765,0.0,0.0,0.0,0.0,0.0,0.0,0.036496,0.0,0.007042,0.00813,0.0,0,0.0,0.0,0.00885,0.0,0.0,0.0,0.018018,0.067568,0.0,0.0,0.0,0.042553,0.016598,0.0,0.0,0.0,0.0,0.0,0.018605,0.017316,0.0,0.0,0.0,0.0,0.017167,0.0,0.017937,0.010417,0.0,0.0,0.0,0.0,0.0,0.003802,0.008929,0.0,0.0,0.008333,0.0,0.0,0.0,0.0,0.040816,0.027473,0.032468,0.021898,0.0,0.0,0.0,0.0,0.007092,0.012739,0.01626,0.0,0.0,0.0,0.027027,0.0,0.0,0.0,0.0,0.0,0.005747,0.0,0.0,0.0,0.0,0.028571,0.0,0.0,0.0,0.0,0.0,0.040816,0.0,0.0,0.0,0,0.0,0.0,0.0,0.0,0.0,0.043478,0.0,0,0.0,0.0,0.013889,0.011765,0.0,0.0,0.020833,0.0,0.0,0.03871,0.025,0.025641,0.014706,0.0,0.0,0.0,0.0,0.0,0.0,0.0,0.0,0.0,0.013158,0.0,0.034091,0.0,0.0,0.0,0.0,0.013158,0.041667,0.0,0.050847,0.0,0.0,0.0,0.684211,0.0,0.02439,0.0,0.0,0.0,0.0,0.007143,0.042553,0.0,0.0,0.0,0.0,0.0,0.0,0.0,0,0.05,0.0,0.0,0.0,0,0.0,0.0,0.0,0.0,0.0,0.0,0.0,0.0,0.0,0.0,0.0,0.8125,0.0,0.0,0.0,0.0,0.0,0.0,0.0,0.0,0.0,0.0,0,0.0,0.0,0.0,0.0,0.0,0.0,0.0,0,0.0,0.0,0.0,0.0,0.029703,0.009524,0.0,0.0,0.0,0.0
0.0,0.0,0.0,0.0,0.0,0.0,0.0,0.0,0.0,0.0,0.0,0.0,0.0,0.0,0,0.0,0.0,0.0,0.0,0.0,0.0,1.0,0.028571,0.0,0.009346,0.002421,0.0,0.0,0.0,0.0,0.0,0.0,0.0,0.005988,0.0,0.0,0.0,0.0,0.007576,0.0,0.0,0.0,0.0,0,0.007353,0.0,0.0,0.0,0.0,0.0,0.006098,0.0,0.0,0.0,0.0,0.0,0.0,0.0,0.0,0.0,0.0,0.0,0.0,0.0,0.0,0.0,0.0,0.0,0.0,0.0,0.0,0.0,0.0,0.0,0.0,0.0,0.0,0.0,0.0,0.0,0.0,0.009009,0.0,0.0,0.0,0.0,0.0,0.0,0.0,0.0,0.0,0.0,0.0,0.0,0.007576,0.0,0.0,0.0,0.0,0.0,0.0,0.0,0.0,0.0,0.0,0.0,0.0,0.0,0.0,0.0,0.0,0.0,0.0,0.0,0.0,0.0,0.0,0.0,0.0,0.0,0.0,0,0.0,0.0,0.0,0.0,0.0,0.0,0.0,0,0.0,0.0,0.0,0.0,0.0,0.0,0.0,0.0,0.0,0.006623,0.0,0.0,0.016949,0.0,0.043478,0.0,0.125,0.0,0.0,0.020408,0.025,0.0,0.0,0.0,0.0,0.0,0.0,0.0,0.0,0.0,0.0,0.0,0.0,0.0,0.0,0.0,0.0,0.0,0.0,0.0,0.0,0.0,0.058824,0.0,0.0,0.0,0.0,0.0,0.0,0.0,0.0,0.0,0,0.0,0.0,0.444444,0.0,0,0.0,0.0,0.0,0.0,0.0,0.0,0.0,0.0,0.0,0.0,0.0,0.0,0.0,0.0,0.0,0.0,0.0,0.0,0.0,0.0,0.0,0.0,0,0.0,0.0,0.0,0.125,0.0,0.0,0.0,0,0.0,0.0,0.0,0.019608,0.0,0.0,0.0,0.0,0.0,0.0
0.016949,0.0,0.031847,0.0,0.0,0.0,0.0,0.0,0.0,0.0,0.01626,0.013889,0.0,0.0,0,0.0,0.014493,0.028986,0.0,0.0,0.0,0.028571,1.0,0.0,0.055118,0.016166,0.033333,0.010101,0.008,0.008197,0.014184,0.009804,0.015152,0.031915,0.004167,0.0,0.010101,0.016949,0.019231,0.014493,0.006289,0.014388,0.010753,0,0.025157,0.016949,0.007692,0.0,0.007299,0.0,0.037901,0.021277,0.0,0.006711,0.0,0.006135,0.011583,0.010417,0.0,0.008475,0.009804,0.009091,0.012876,0.012048,0.0,0.005814,0.0,0.0,0.011952,0.0,0.016667,0.027027,0.018519,0.030303,0.015748,0.0,0.019608,0.018116,0.015625,0.0,0.011111,0.029851,0.029412,0.01,0.0,0.022222,0.079365,0.040816,0.02924,0.00641,0.0,0.051282,0.0,0.011111,0.025806,0.02924,0.028986,0.0,0.0,0.009804,0.0,0.0,0.0,0.0,0.0,0.0,0.010526,0.0,0.0,0.0,0.0,0.0,0.0,0.0,0.0,0.0,0.006849,0.046154,0.0,0.1,0.015152,0,0.0,0.0,0.0,0.0,0.0,0.0,0.0,0,0.0,0.0,0.034483,0.03,0.011494,0.027778,0.0,0.0,0.0,0.040936,0.042105,0.043011,0.02381,0.0,0.041667,0.014925,0.0,0.0,0.0,0.333333,0.425532,0.018182,0.010753,0.051948,0.0,0.0,0.0,0.0,0.0,0.010753,0.0,0.0,0.039474,0.0,0.0,0.0,0.0,0.007634,0.0,0.015504,0.0,0.0,0.073171,0.012821,0.0,0.073171,0.009901,0.0,0.02,0.057143,0.021277,0.0,0,0.0,0.0,0.026316,0.0,0,0.0,0.0,0.0,0.0,0.0,0.020833,0.0,0.012987,0.0,0.0,0.0,0.0,0.0,0.0,0.0,0.0,0.025641,0.0,0.0,0.0,0.0,0.0,0,0.0,0.0,0.0,0.0,0.0,0.013514,0.0,0,0.0,0.0,0.0,0.012987,0.0,0.016529,0.0,0.0,0.0,0.0
0.012987,0.076923,0.0,0.0,0.014706,0.208,0.018519,0.035714,0.0,0.018868,0.014184,0.0,0.0,0.010417,0,0.019608,0.0,0.011364,0.013158,0.0,0.0,0.0,0.0,1.0,0.048276,0.011038,0.021583,0.004608,0.0,0.007143,0.00625,0.0,0.0,0.0,0.065844,0.0,0.0,0.0,0.005682,0.0,0.011364,0.006329,0.0,0,0.0,0.0,0.006757,0.0,0.0,0.096774,0.008086,0.00885,0.0,0.012048,0.0,0.005525,0.007194,0.0,0.0125,0.007353,0.008333,0.007812,0.003953,0.003717,0.010101,0.005263,0.0,0.129032,0.007407,0.016393,0.007692,0.0,0.0,0.0,0.0,0.061538,0.0,0.034602,0.042254,0.0,0.0,0.006452,0.011494,0.0,0.0,0.0,0.02381,0.004525,0.0,0.017442,0.0,0.0,0.0,0.0,0.0,0.026455,0.006289,0.042373,0.023438,0.0,0.0,0.009524,0.014599,0.0,0.0,0.0,0.02439,0.02454,0.034014,0.0,0.02,0.0,0.0,0.0,0.026316,0.0,0.0,0.0,0.066148,0.0,0.013333,0,0.0,0.0,0.0,0.012195,0.026316,0.0,0.147287,0,0.042553,0.040404,0.0,0.008333,0.0,0.0,0.0,0.0,0.0,0.005128,0.026316,0.008772,0.0,0.0,0.0,0.0,0.0,0.0,0.009804,0.0,0.0,0.027778,0.0,0.0,0.008,0.0,0.017241,0.0,0.0,0.0,0.0,0.0,0.0,0.0,0.042857,0.0,0.0,0.006711,0.0,0.013605,0.0,0.014706,0.0,0.017341,0.0,0.0,0.0,0.0,0.008403,0.0,0.0,0.017241,0,0.0,0.015873,0.0,0.02,0,0.060345,0.019231,0.017241,0.0,0.0,0.0,0.0,0.010526,0.0,0.0,0.0,0.0,0.0,0.019608,0.044776,0.0,0.035714,0.0,0.0,0.0,0.0,0.0,0,0.022989,0.0,0.0,0.014286,0.0,0.0,0.012195,0,0.0,0.0,0.0,0.0,0.007246,0.036765,0.0,0.0,0.0,0.0
0.007634,0.014706,0.054054,0.0,0.0,0.062176,0.028169,0.036585,0.0,0.028571,0.015464,0.035714,0.0,0.006667,0,0.009524,0.076336,0.007042,0.007692,0.0,0.0,0.009346,0.055118,0.048276,1.0,0.091684,0.076923,0.110204,0.076087,0.0,0.004673,0.09375,0.072917,0.122363,0.050336,0.018018,0.055215,0.073171,0.115942,0.067669,0.09434,0.075758,0.106667,0,0.073059,0.064516,0.085561,0.018182,0.06599,0.061453,0.105943,0.063291,0.0,0.067308,0.009524,0.012876,0.018293,0.05625,0.022727,0.079096,0.060606,0.070175,0.009836,0.0125,0.019868,0.047009,0.0,0.073171,0.034921,0.054545,0.039474,0.120482,0.049587,0.009524,0.046875,0.008197,0.078261,0.06006,0.068783,0.0,0.051613,0.076923,0.021583,0.06135,0.054688,0.0,0.029412,0.078125,0.059829,0.031532,0.038095,0.066038,0.0,0.072368,0.089623,0.055319,0.038835,0.02907,0.057143,0.035503,0.0,0.012658,0.048913,0.0,0.0,0.00813,0.060241,0.03271,0.035176,0.009259,0.006452,0.0,0.0,0.0,0.007634,0.0,0.033019,0.021898,0.031447,0.03252,0.014778,0,0.0,0.0,0.052174,0.014815,0.03012,0.0,0.046632,0,0.070423,0.075342,0.0125,0.060606,0.038961,0.009259,0.014706,0.0,0.028571,0.101322,0.036364,0.03681,0.060403,0.0,0.06087,0.044776,0.0,0.0,0.00641,0.057143,0.05303,0.015873,0.0,0.02,0.0,0.0,0.0,0.008333,0.04918,0.0,0.0,0.013793,0.078571,0.0,0.040984,0.0,0.008333,0.079365,0.0,0.015,0.066116,0.008197,0.017544,0.040724,0.0,0.008696,0.074074,0.0,0.09434,0.009259,0.052632,0.0,0,0.0,0.008547,0.009091,0.009615,0,0.017241,0.009434,0.008929,0.0,0.0,0.0,0.0,0.041667,0.0,0.0,0.0,0.0,0.0,0.0,0.024793,0.0,0.009009,0.0,0.0,0.0,0.0,0.0,0,0.007042,0.0,0.0,0.0,0.009009,0.027972,0.014815,0,0.0,0.0,0.016854,0.048951,0.0,0.054054,0.0,0.0,0.029126,0.0
0.013889,0.0,0.113402,0.004739,0.0,0.022,0.047904,0.017094,0.0,0.037773,0.02863,0.034404,0.002375,0.006608,0,0.002433,0.180723,0.011261,0.009238,0.002398,0.007143,0.002421,0.016166,0.011038,0.091684,1.0,0.070362,0.325688,0.180328,0.030864,0.037849,0.13981,0.098712,0.160243,0.033389,0.007212,0.143541,0.057971,0.140127,0.046729,0.242494,0.21831,0.087558,0,0.303614,0.04038,0.206161,0.009662,0.178082,0.024793,0.223333,0.058036,0.002364,0.281553,0.007335,0.048356,0.032258,0.150121,0.009153,0.183333,0.150718,0.175481,0.026756,0.029412,0.026786,0.150313,0.0,0.032609,0.095321,0.00716,0.081739,0.146853,0.030952,0.002433,0.085653,0.009412,0.041162,0.134251,0.05176,0.00716,0.13835,0.211268,0.027523,0.148681,0.042553,0.004739,0.020595,0.157058,0.123732,0.057312,0.007282,0.012077,0.004878,0.068337,0.114108,0.065385,0.052632,0.012579,0.016563,0.071269,0.006977,0.008658,0.01217,0.0,0.0,0.011765,0.063433,0.015414,0.013861,0.002415,0.015385,0.009368,0.002433,0.0,0.002288,0.0,0.119403,0.013636,0.020934,0.016432,0.026052,0,0.002208,0.00431,0.021531,0.006818,0.014894,0.002392,0.024194,0,0.015521,0.026608,0.028571,0.054825,0.125604,0.007282,0.030162,0.002242,0.007299,0.130081,0.032468,0.065022,0.061785,0.0,0.033816,0.046948,0.002427,0.0,0.008715,0.024831,0.020642,0.00463,0.012876,0.02,0.018868,0.002387,0.002392,0.007075,0.033333,0.010707,0.002387,0.017978,0.043379,0.0,0.011682,0.007194,0.014252,0.191589,0.009238,0.028283,0.04067,0.009412,0.009569,0.03675,0.004525,0.01199,0.132075,0.004785,0.054945,0.004843,0.009479,0.0,0,0.00241,0.009524,0.002404,0.002439,0,0.014706,0.004866,0.002392,0.0,0.0,0.007075,0.0,0.031674,0.002387,0.0,0.0,0.007126,0.002421,0.002433,0.004673,0.002445,0.007229,0.0,0.002404,0.0,0.0,0.0,0,0.011261,0.0,0.0,0.0,0.002398,0.013423,0.020737,0,0.002232,0.004367,0.025263,0.060465,0.018367,0.04375,0.0,0.002203,0.007335,0.002404
0.008264,0.0,0.103448,0.028571,0.0,0.026316,0.066327,0.019108,0.0,0.061856,0.056497,0.125,0.019231,0.007143,0,0.0,0.0625,0.039062,0.034188,0.0,0.04902,0.0,0.033333,0.021583,0.076923,0.070362,1.0,0.091667,0.032967,0.075581,0.073298,0.071429,0.048128,0.07563,0.041237,0.019802,0.025316,0.06087,0.105,0.073171,0.093596,0.079787,0.068493,0,0.056338,0.06087,0.066298,0.009901,0.052632,0.058824,0.088542,0.373913,0.0,0.065327,0.0,0.07619,0.058824,0.039216,0.01626,0.064706,0.057692,0.067901,0.053004,0.053691,0.090909,0.053812,0.0,0.024194,0.104895,0.070707,0.120879,0.011494,0.008621,0.010526,0.049451,0.027273,0.065421,0.113636,0.109827,0.019231,0.040816,0.06383,0.189189,0.058442,0.033058,0.069307,0.07438,0.112971,0.096774,0.123077,0.0,0.009804,0.0,0.047945,0.057416,0.101852,0.102703,0.02454,0.060606,0.092715,0.035398,0.006711,0.057803,0.0,0.0,0.045872,0.090129,0.004762,0.031579,0.010204,0.020979,0.045455,0.0,0.0,0.0,0.0,0.060914,0.031746,0.022508,0.093458,0.053763,0,0.0,0.027397,0.0,0.007937,0.00625,0.03,0.032258,0,0.036496,0.020833,0.085714,0.330645,0.006711,0.0,0.057851,0.0,0.0,0.090909,0.133803,0.111888,0.057143,0.0,0.046729,0.065574,0.0,0.0,0.020833,0.045455,0.032,0.008547,0.019608,0.043796,0.011905,0.0,0.0,0.027778,0.017241,0.012987,0.0,0.030075,0.021739,0.0,0.017391,0.009709,0.04717,0.065934,0.043103,0.054645,0.034783,0.018018,0.029126,0.083744,0.0,0.0,0.025,0.0,0.108108,0.010204,0.057692,0.0,0,0.0,0.009346,0.0,0.0,0,0.030864,0.0,0.0,0.0,0.0,0.0,0.0,0.085271,0.019608,0.0,0.0,0.048544,0.031579,0.0,0.0,0.0,0.02,0.0,0.020202,0.010204,0.0,0.0,0,0.007576,0.0,0.0,0.008772,0.0,0.045802,0.094828,0,0.0,0.006993,0.042683,0.111111,0.01105,0.107784,0.0,0.0,0.0,0.030612
0.0,0.0,0.153846,0.0,0.0,0.014981,0.036364,0.026087,0.0,0.032967,0.023346,0.055,0.005525,0.009302,0,0.005848,0.12987,0.02451,0.010256,0.0,0.005495,0.0,0.010101,0.004608,0.110204,0.325688,0.091667,1.0,0.360825,0.027559,0.0369,0.255208,0.110204,0.173145,0.024324,0.017045,0.293478,0.1,0.151163,0.106383,0.37963,0.453125,0.131707,0,0.361991,0.07027,0.379487,0.011364,0.373134,0.044898,0.178998,0.054054,0.0,0.352113,0.011765,0.048611,0.030928,0.342857,0.015152,0.389189,0.302703,0.391061,0.021858,0.023622,0.018519,0.102837,0.0,0.037736,0.104225,0.005525,0.070028,0.305699,0.06044,0.005848,0.068,0.005319,0.091954,0.111406,0.055118,0.005525,0.308571,0.430052,0.024631,0.278075,0.052356,0.0,0.035176,0.208481,0.162963,0.076642,0.017442,0.028736,0.0,0.090476,0.11236,0.053691,0.044776,0.021008,0.012097,0.095455,0.0,0.013453,0.011719,0.0,0.0,0.010638,0.064516,0.014134,0.022556,0.011561,0.004525,0.032432,0.005848,0.0,0.005076,0.0,0.075472,0.004878,0.015464,0.037634,0.022556,0,0.0,0.0,0.044693,0.00995,0.012821,0.0,0.02682,0,0.028302,0.032407,0.041096,0.052402,0.284091,0.005747,0.030303,0.0,0.017544,0.149091,0.048673,0.073059,0.066667,0.0,0.038674,0.067358,0.0,0.0,0.013636,0.023923,0.009852,0.0,0.004329,0.033019,0.016529,0.005587,0.0,0.005376,0.031915,0.0,0.0,0.009479,0.074257,0.0,0.010471,0.0,0.010811,0.391753,0.020725,0.022814,0.095506,0.016129,0.01676,0.034965,0.004926,0.011111,0.311475,0.0,0.052632,0.011561,0.005405,0.0,0,0.0,0.010989,0.0,0.005882,0,0.025316,0.005814,0.0,0.0,0.0,0.0,0.0,0.014085,0.0,0.0,0.0,0.005464,0.0,0.0,0.005291,0.005917,0.00565,0.0,0.0,0.0,0.0,0.0,0,0.0,0.0,0.0,0.0,0.00565,0.014286,0.015,0,0.0,0.0,0.020661,0.119171,0.015686,0.044,0.0,0.004673,0.017751,0.0
